chr	start	end	CC_counts_W	CC_counts_C	WC_counts_W	WC_counts_C	genotype	probability	low_read_density
chr1	13060683	13168627	185	194	218	11	1|0	1	NA
chr1	108241213	108460561	591	626	35	908	0|1	1	NA
chr1	148877152	149250508	1300	1824	291	2291	0|1	1	NA
chr1	149820625	149849682	70	65	0	72	0|1	1	NA
chr10	4962443	5004118	353	383	25	544	0|1	1	NA
chr10	37104957	37112643	91	76	139	3	1|0	1	NA
chr11	89920644	89924000	35	36	1	62	0|1	0.999999999999999	NA
chr13	63713858	63772150	193	243	21	355	0|1	1	NA
chr16	1237773	1253690	89	47	24	160	0|1	0.99999275523319	NA
chr16	14790200	15327894	1456	1826	461	4174	0|1	1	NA
chr16	32698751	33336296	727	766	2032	145	1|0	1	NA
chr17	18424181	18561537	384	738	1031	65	1|0	1	NA
chr17	30622396	30631117	32	32	3	49	0|1	0.999999991259543	NA
chr2	95431462	95436138	34	28	6	99	0|1	1	NA
chr2	95773466	96049682	1610	1496	3915	247	1|0	1	NA
chr2	97313715	97396380	144	150	25	347	0|1	1	NA
chr2	138247316	138250935	29	26	70	0	1|0	1	NA
chr20	25767669	25779385	97	66	12	107	0|1	0.999999999874792	NA
chr22	18208992	18500739	105	67	162	25	1|0	0.999905811135615	low read density: check for inaccurate inversion coordinates
chr22	23931802	23959305	22	104	4	209	0|1	0.999997881391457	NA
chr6	26671042	26805615	233	238	456	56	1|0	1	NA
chr7	72963121	75391275	13164	13481	1296	24997	0|1	1	NA
chr7	97436918	97461091	130	221	353	28	1|0	1	NA
chr8	2235487	2388500	518	392	575	88	1|0	1	NA
chr8	7727847	12226359	44584	46397	2681	60700	0|1	1	NA
chr8	12226498	12233421	34	9	38	3	1|0	0.999981303218164	NA
chr8	12287339	12393562	446	450	10	667	0|1	1	NA
chr9	30952480	30956399	40	31	0	98	0|1	1	NA
chr9	123974835	123995050	147	194	45	352	0|1	1	NA
chrX	51692832	51700382	60	82	217	2	1|0	1	NA
chrX	52041091	52176791	804	813	2204	16	1|0	1	NA
chrX	55466488	55515807	105	93	20	393	0|1	1	NA
chrX	72996108	73079531	470	387	19	1577	0|1	1	NA
chrX	102332689	102348873	86	55	265	2	1|0	1	NA
chrX	103986473	104063061	466	438	30	1613	0|1	1	NA
chrX	106266043	106299923	83	88	257	26	1|0	1	NA
chrX	135127506	135236864	417	448	26	1614	0|1	1	NA
chrX	135724753	135754293	103	75	297	27	1|0	1	NA
chrX	141515350	141553871	86	79	287	45	1|0	0.999999892722008	NA
chrX	152727475	152767510	133	133	497	44	1|0	1	NA
chr1	13193199	13234790	57	5	9	25	1|1	0.99999995161089	NA
chr1	26641346	26647011	75	2	29	17	1|1	1	NA
chr1	120321807	120582930	1896	80	783	800	1|1	1	NA
chr1	144133235	144693508	1273	40	484	620	1|1	1	NA
chr1	146317864	148882458	32012	855	12133	14167	1|1	1	NA
chr1	248519298	248533821	169	8	57	57	1|1	1	NA
chr10	91443216	91446376	38	0	31	35	1|1	0.999999999940758	NA
chr11	311295	318344	125	1	72	63	1|1	1	NA
chr11	1894081	1915728	372	15	151	207	1|1	1	NA
chr11	4274739	4292523	147	18	60	64	1|1	0.99999999999855	NA
chr11	49714655	49727761	222	2	82	106	1|1	1	NA
chr11	50115707	50346873	4046	50	1756	1900	1|1	1	NA
chr11	62095373	62100677	27	2	23	16	1|1	0.999717000195242	NA
chr12	12392152	12393616	33	0	14	14	1|1	0.999999998195402	NA
chr12	13392985	13397705	18	1	10	8	1|1	0.997405958628718	NA
chr12	17770892	17860319	1184	10	685	733	1|1	1	NA
chr12	80452389	80454297	33	0	13	8	1|1	0.999999998175698	NA
chr12	86846387	86858604	131	0	59	75	1|1	1	NA
chr13	18212955	18355664	1921	59	960	1047	1|1	1	NA
chr14	34547964	34555209	89	1	45	47	1|1	1	NA
chr15	21839874	21997803	238	32	112	96	1|1	1	NA
chr15	23224995	23327642	153	6	111	100	1|1	1	NA
chr15	84238876	84506039	572	90	325	325	1|1	1	NA
chr16	21424576	22540072	9676	1052	7920	7655	1|1	1	NA
chr16	34599811	38280291	23201	569	17200	16773	1|1	1	NA
chr16	75205428	75222967	194	3	134	156	1|1	1	NA
chr17	43233221	43322796	392	26	164	210	1|1	1	NA
chr18	20561581	20838740	942	10	435	437	1|1	1	NA
chr19	38773627	38789186	179	3	118	97	1|1	1	NA
chr20	28495003	28508015	160	1	57	89	1|1	1	NA
chr20	29890010	30424977	4719	630	2826	1603	1|1	1	NA
chr21	1	5216387	303	13	76	163	1|1	1	low read density: check for inaccurate inversion coordinates
chr21	40024797	40037962	204	25	69	82	1|1	1	NA
chr22	12027557	12275658	2192	336	1544	1497	1|1	1	NA
chr22	21442945	21523767	370	58	295	275	1|1	0.999999999806235	NA
chr3	187418526	187426206	88	0	35	36	1|1	1	NA
chr4	87926126	87937547	173	3	86	99	1|1	1	NA
chr5	179637581	179655089	233	6	120	133	1|1	1	NA
chr7	54232567	54321398	1237	20	701	733	1|1	1	NA
chr7	60879640	61637862	5421	620	3076	4220	1|1	1	NA
chr7	62149699	62284363	1747	230	1314	1167	1|1	1	NA
chr7	62373594	62384831	132	13	85	96	1|1	1	NA
chr7	62454977	62507679	68	0	35	25	1|1	1	NA
chr7	70958937	70973640	317	4	141	149	1|1	1	NA
chr7	107418771	107422689	28	0	8	16	1|1	0.999999944875942	NA
chr8	8192871	8230392	400	44	44	246	1|1	0.999075933982969	NA
chr9	41741965	42125466	1045	153	696	690	1|1	1	NA
chr9	60518588	60841994	872	28	623	551	1|1	1	NA
chr9	61227080	61464032	260	14	231	108	1|1	1	NA
chr9	63411471	64323628	5926	508	4027	4058	1|1	1	NA
chrX	94833	131433	206	3	131	110	1|1	1	NA
chrX	52498923	52510729	162	4	114	129	1|1	1	NA
chrX	52919989	52935863	191	1	131	186	1|1	1	NA
chrX	76146142	76148988	33	1	41	33	1|1	0.999999907977176	NA
chrX	101602086	101611392	109	1	109	89	1|1	1	NA
chrX	115726314	115729676	31	0	23	14	1|1	0.999999992922468	NA
chrX	149678415	149732014	644	28	555	639	1|1	1	NA
chrX	153123160	153284316	1543	105	1435	1368	1|1	1	NA
chr9	42324073	42356984	318	54	224	233	1|1	0.928463889337314	NA
chr2	229258970	229260067	9	29	37	37	0|0	0.914517515139558	NA
chr17	66730003	66731372	14	56	34	30	0|0	0.914517496156443	NA
chr5	46809940	47083107	12	39	32	29	0|0	0.914517488274802	NA
chr7	54231349	54232461	8	10	15	16	0|0	0.914517488088655	NA
chr1	150173911	150177238	45	100	41	41	0|0	0.914517488085483	NA
chr1	231099473	231100971	53	117	49	44	0|0	0.914517488085483	NA
chr1	248497885	248557889	180	98	101	95	0|0	0.914517488085483	NA
chr1	248937977	248956422	45	110	54	43	0|0	0.914517488085483	NA
chr10	35303960	35306591	61	130	71	97	0|0	0.914517488085483	NA
chr10	46597720	46635170	100	213	108	117	0|0	0.914517488085483	NA
chr10	133687496	133797422	50	146	109	96	0|0	0.914517488085483	NA
chr10	133687496	133797422	50	146	109	96	0|0	0.914517488085483	NA
chr11	302496	325718	142	257	193	179	0|0	0.914517488085483	NA
chr12	20704108	20709935	46	122	70	104	0|0	0.914517488085483	NA
chr12	34772119	37183541	31	95	43	82	0|0	0.914517488085483	NA
chr12	34772371	34834084	31	81	32	80	0|0	0.914517488085483	NA
chr12	104254891	104256825	30	82	45	33	0|0	0.914517488085483	NA
chr14	18918463	19288955	1609	1778	1430	1713	0|0	0.914517488085483	NA
chr14	34547965	34564852	91	26	60	54	0|0	0.914517488085483	NA
chr14	77805205	77805231	100	123	174	72	0|0	0.914517488085483	NA
chr14	100365581	100365607	54	28	31	81	0|0	0.914517488085483	NA
chr14	100365581	100365607	54	28	31	81	0|0	0.914517488085483	NA
chr15	75269985	75288936	85	34	89	57	0|0	0.914517488085483	NA
chr15	75273162	75278725	81	23	59	52	0|0	0.914517488085483	NA
chr16	71715531	71719888	42	126	105	136	0|0	0.914517488085483	NA
chr16	71719610	71719629	42	81	81	119	0|0	0.914517488085483	NA
chr16	75205429	75232944	199	113	227	248	0|0	0.914517488085483	NA
chr16	77901081	77903169	38	92	77	105	0|0	0.914517488085483	NA
chr16	84506052	84509083	72	64	142	77	0|0	0.914517488085483	NA
chr17	5205384	5205554	89	47	72	45	0|0	0.914517488085483	NA
chr17	21778423	21824816	244	369	280	317	0|0	0.914517488085483	NA
chr17	78924972	78926733	54	96	52	97	0|0	0.914517488085483	NA
chr17	78926713	78926733	54	80	43	90	0|0	0.914517488085483	NA
chr19	1	202205	140	226	173	261	0|0	0.914517488085483	NA
chr19	1	202205	140	226	173	261	0|0	0.914517488085483	NA
chr19	38079863	38084579	45	112	90	83	0|0	0.914517488085483	NA
chr2	47378244	47383330	35	99	74	78	0|0	0.914517488085483	NA
chr2	95425883	95460297	46	56	34	112	0|0	0.914517488085483	NA
chr21	40020483	40037961	209	99	93	115	0|0	0.914517488085483	NA
chr22	18346109	18855626	289	149	287	258	0|0	0.914517488085483	NA
chr22	18570143	18942090	214	167	182	269	0|0	0.914517488085483	NA
chr22	21121522	21338889	215	373	306	361	0|0	0.914517488085483	NA
chr22	50796566	50818468	61	117	98	130	0|0	0.914517488085483	NA
chr3	157210753	157214937	41	90	66	55	0|0	0.914517488085483	NA
chr3	162827491	162842766	45	76	35	75	0|0	0.914517488085483	NA
chr5	17516264	17602628	157	223	190	298	0|0	0.914517488085483	NA
chr5	17519589	17586984	141	102	130	204	0|0	0.914517488085483	NA
chr5	17520116	17586984	130	85	119	168	0|0	0.914517488085483	NA
chr5	175919436	175952829	181	323	291	335	0|0	0.914517488085483	NA
chr6	7432060	7436521	48	106	69	96	0|0	0.914517488085483	NA
chr6	99478045	99483866	42	101	88	69	0|0	0.914517488085483	NA
chr7	56923840	57083950	428	560	559	499	0|0	0.914517488085483	NA
chr7	56937239	57083950	412	525	532	478	0|0	0.914517488085483	NA
chr7	61585338	61721072	78	171	169	153	0|0	0.914517488085483	NA
chr7	62067628	62149394	130	200	199	141	0|0	0.914517488085483	NA
chr7	62373595	62408709	528	408	517	571	0|0	0.914517488085483	NA
chr9	19276768	19282583	46	97	92	81	0|0	0.914517488085483	NA
chr9	34853829	34861024	117	195	231	162	0|0	0.914517488085483	NA
chr9	39602130	41741530	6586	7320	8737	8900	0|0	0.914517488085483	NA
chr9	40096669	42418388	8716	8556	10701	11112	0|0	0.914517488085483	NA
chr9	42357239	42418388	830	656	822	994	0|0	0.914517488085483	NA
chrX	120056859	120068839	30	24	56	18	0|0	0.914517488085483	NA
chr1	9829474	9829510	58	62	48	33	0|0	0.914517488085483	NA
chr1	15781522	15781546	34	37	24	24	0|0	0.914517488085483	NA
chr1	17017008	17017444	25	24	13	16	0|0	0.914517488085483	NA
chr1	19346453	19346487	23	22	11	14	0|0	0.914517488085483	NA
chr1	24775070	24775091	43	47	30	40	0|0	0.914517488085483	NA
chr1	32104930	32105434	22	24	18	12	0|0	0.914517488085483	NA
chr1	35447231	35447258	30	21	14	13	0|0	0.914517488085483	NA
chr1	42248536	42248556	29	23	11	13	0|0	0.914517488085483	NA
chr1	67000109	67000134	39	36	18	24	0|0	0.914517488085483	NA
chr1	77791242	77791275	38	30	23	28	0|0	0.914517488085483	NA
chr1	92462174	92462196	20	19	12	17	0|0	0.914517488085483	NA
chr1	112680657	112680679	27	24	21	22	0|0	0.914517488085483	NA
chr1	144075659	144163597	26	36	19	17	0|0	0.914517488085483	NA
chr1	144075659	144163597	26	36	19	17	0|0	0.914517488085483	NA
chr1	150177204	150177238	44	44	26	30	0|0	0.914517488085483	NA
chr1	151251438	151251471	26	29	19	21	0|0	0.914517488085483	NA
chr1	152290530	152292848	33	20	22	22	0|0	0.914517488085483	NA
chr1	154127103	154127140	56	49	43	30	0|0	0.914517488085483	NA
chr1	154127103	154127140	56	49	43	30	0|0	0.914517488085483	NA
chr1	154390108	154390129	24	30	20	17	0|0	0.914517488085483	NA
chr1	156996774	156996803	26	29	21	24	0|0	0.914517488085483	NA
chr1	167470505	167470536	20	23	22	23	0|0	0.914517488085483	NA
chr1	173936517	173936550	41	43	21	29	0|0	0.914517488085483	NA
chr1	182799737	182800467	25	30	27	24	0|0	0.914517488085483	NA
chr1	196176456	196176622	29	27	22	15	0|0	0.914517488085483	NA
chr1	235413302	235413687	22	20	16	14	0|0	0.914517488085483	NA
chr1	241772330	241772351	74	75	47	44	0|0	0.914517488085483	NA
chr10	13402982	13403003	42	37	43	33	0|0	0.914517488085483	NA
chr10	28353272	28353292	114	108	101	87	0|0	0.914517488085483	NA
chr10	28353272	28353292	114	108	101	87	0|0	0.914517488085483	NA
chr10	28923999	28924030	28	28	24	21	0|0	0.914517488085483	NA
chr10	30161461	30161485	42	32	24	27	0|0	0.914517488085483	NA
chr10	32224868	32224912	53	59	49	51	0|0	0.914517488085483	NA
chr10	34914112	34914163	74	70	46	46	0|0	0.914517488085483	NA
chr10	34914112	34914163	74	70	46	46	0|0	0.914517488085483	NA
chr10	35303779	35303807	61	60	50	59	0|0	0.914517488085483	NA
chr10	46958873	46981538	54	62	40	30	0|0	0.914517488085483	NA
chr10	61650712	61652194	38	48	40	45	0|0	0.914517488085483	NA
chr10	61652170	61652256	38	34	29	41	0|0	0.914517488085483	NA
chr10	72441546	72441577	40	38	41	41	0|0	0.914517488085483	NA
chr10	72600972	72601460	33	40	36	28	0|0	0.914517488085483	NA
chr10	72601420	72601460	33	31	30	26	0|0	0.914517488085483	NA
chr10	73845578	73845739	77	62	72	70	0|0	0.914517488085483	NA
chr10	73845578	73845739	77	62	72	70	0|0	0.914517488085483	NA
chr10	87439344	87468365	96	86	66	73	0|0	0.914517488085483	NA
chr10	87439344	87468882	98	86	66	76	0|0	0.914517488085483	NA
chr10	92280349	92280675	37	53	38	40	0|0	0.914517488085483	NA
chr10	93292518	93293529	44	62	49	50	0|0	0.914517488085483	NA
chr10	97691686	97691710	29	18	26	27	0|0	0.914517488085483	NA
chr10	102078774	102079113	76	81	63	80	0|0	0.914517488085483	NA
chr10	103722304	103722329	55	43	33	38	0|0	0.914517488085483	NA
chr10	103722304	103722329	55	43	33	38	0|0	0.914517488085483	NA
chr10	106725934	106725960	51	52	38	38	0|0	0.914517488085483	NA
chr10	106725934	106725960	51	52	38	38	0|0	0.914517488085483	NA
chr10	116612515	116612546	37	35	18	19	0|0	0.914517488085483	NA
chr10	120128780	120128812	34	35	25	34	0|0	0.914517488085483	NA
chr10	124416861	124416882	21	22	32	23	0|0	0.914517488085483	NA
chr10	125086608	125086640	33	30	35	27	0|0	0.914517488085483	NA
chr10	128094293	128094400	18	27	16	12	0|0	0.914517488085483	NA
chr11	918663	918689	20	17	22	18	0|0	0.914517488085483	NA
chr11	4264453	4307507	175	174	168	167	0|0	0.914517488085483	NA
chr11	27267547	27267653	32	30	29	23	0|0	0.914517488085483	NA
chr11	34297768	34297795	27	27	17	18	0|0	0.914517488085483	NA
chr11	43590439	43590468	15	21	12	14	0|0	0.914517488085483	NA
chr11	46306430	46306527	29	33	40	39	0|0	0.914517488085483	NA
chr11	59750122	59750141	18	22	20	14	0|0	0.914517488085483	NA
chr11	62664083	62664113	20	13	13	11	0|0	0.914517488085483	NA
chr11	66090007	66090029	24	32	23	20	0|0	0.914517488085483	NA
chr11	83720724	83721761	88	81	63	75	0|0	0.914517488085483	NA
chr11	91945613	91945631	20	22	18	16	0|0	0.914517488085483	NA
chr11	97182125	97182144	20	30	18	16	0|0	0.914517488085483	NA
chr11	100733824	100733858	51	35	49	47	0|0	0.914517488085483	NA
chr11	100733824	100733858	51	35	49	47	0|0	0.914517488085483	NA
chr11	107570055	107570801	97	91	82	88	0|0	0.914517488085483	NA
chr11	113685911	113686754	29	21	29	18	0|0	0.914517488085483	NA
chr12	3066104	3066431	28	27	23	31	0|0	0.914517488085483	NA
chr12	5854400	5854428	20	32	21	20	0|0	0.914517488085483	NA
chr12	10583617	10583640	23	17	22	24	0|0	0.914517488085483	NA
chr12	12180103	12180124	45	33	38	40	0|0	0.914517488085483	NA
chr12	20709898	20709935	44	47	34	41	0|0	0.914517488085483	NA
chr12	22587365	22588054	50	58	53	45	0|0	0.914517488085483	NA
chr12	48570977	48571004	21	26	22	17	0|0	0.914517488085483	NA
chr12	50260932	50260950	33	33	28	24	0|0	0.914517488085483	NA
chr12	93450328	93450351	24	23	24	20	0|0	0.914517488085483	NA
chr12	100241850	100241878	23	25	14	13	0|0	0.914517488085483	NA
chr12	120856280	120856388	44	27	20	23	0|0	0.914517488085483	NA
chr12	120897841	120898336	43	53	38	51	0|0	0.914517488085483	NA
chr12	131300987	131312924	119	113	90	94	0|0	0.914517488085483	NA
chr13	36977792	36977819	21	19	23	16	0|0	0.914517488085483	NA
chr13	41959495	41959521	18	22	16	18	0|0	0.914517488085483	NA
chr13	45302361	45302388	19	14	15	12	0|0	0.914517488085483	NA
chr13	92206044	92206070	19	20	11	12	0|0	0.914517488085483	NA
chr13	113300009	113301646	101	101	115	104	0|0	0.914517488085483	NA
chr14	20071654	20071685	24	27	27	17	0|0	0.914517488085483	NA
chr14	74310399	74310425	41	40	36	53	0|0	0.914517488085483	NA
chr15	23159477	23222377	43	54	43	52	0|0	0.914517488085483	NA
chr15	34716603	34716627	37	22	32	30	0|0	0.914517488085483	NA
chr15	37337059	37337820	23	24	25	34	0|0	0.914517488085483	NA
chr15	41206475	41206504	23	23	22	23	0|0	0.914517488085483	NA
chr15	55977259	55978947	33	36	46	33	0|0	0.914517488085483	NA
chr15	56461662	56461689	54	39	50	53	0|0	0.914517488085483	NA
chr15	68757171	68757199	20	25	17	26	0|0	0.914517488085483	NA
chr15	72648679	72670243	59	69	66	75	0|0	0.914517488085483	NA
chr15	73645067	73645098	24	22	19	26	0|0	0.914517488085483	NA
chr15	84754957	84755777	27	40	33	33	0|0	0.914517488085483	NA
chr15	86632271	86632295	28	36	31	23	0|0	0.914517488085483	NA
chr15	93345852	93345879	25	18	28	38	0|0	0.914517488085483	NA
chr16	9175424	9175448	36	22	37	35	0|0	0.914517488085483	NA
chr16	16311638	16421430	24	27	29	40	0|0	0.914517488085483	NA
chr16	28508824	28508853	27	24	32	36	0|0	0.914517488085483	NA
chr16	47042789	47043691	35	30	53	36	0|0	0.914517488085483	NA
chr16	58470909	58470935	21	15	15	12	0|0	0.914517488085483	NA
chr16	69541188	69541218	37	32	47	44	0|0	0.914517488085483	NA
chr16	74359263	74359586	20	13	41	34	0|0	0.914517488085483	NA
chr16	81262838	81262865	28	26	29	38	0|0	0.914517488085483	NA
chr16	82929658	82929687	28	25	47	31	0|0	0.914517488085483	NA
chr17	7150081	7150203	24	30	36	23	0|0	0.914517488085483	NA
chr17	7660814	7660849	50	64	53	43	0|0	0.914517488085483	NA
chr17	7660814	7660849	50	64	53	43	0|0	0.914517488085483	NA
chr17	28391709	28392466	21	16	20	12	0|0	0.914517488085483	NA
chr17	28455047	28455144	28	36	32	38	0|0	0.914517488085483	NA
chr17	29040280	29040300	24	15	15	22	0|0	0.914517488085483	NA
chr17	30637926	30637952	19	15	17	14	0|0	0.914517488085483	NA
chr17	37920612	38228910	50	50	53	46	0|0	0.914517488085483	NA
chr17	42343171	42343197	23	23	20	14	0|0	0.914517488085483	NA
chr17	44566798	44566825	29	40	23	27	0|0	0.914517488085483	NA
chr17	59641605	59641629	29	30	33	21	0|0	0.914517488085483	NA
chr17	61272642	61272670	24	17	26	15	0|0	0.914517488085483	NA
chr17	62549405	62549446	25	27	29	26	0|0	0.914517488085483	NA
chr17	62549485	62550115	25	34	33	32	0|0	0.914517488085483	NA
chr17	71016756	71017149	20	22	20	22	0|0	0.914517488085483	NA
chr18	32317153	32317417	19	20	18	24	0|0	0.914517488085483	NA
chr18	49466258	49466738	20	27	14	18	0|0	0.914517488085483	NA
chr18	50826456	50826812	20	23	24	17	0|0	0.914517488085483	NA
chr18	63989944	63989971	20	30	18	24	0|0	0.914517488085483	NA
chr18	80262896	80373285	26	21	24	24	0|0	0.914517488085483	NA
chr19	1185519	1185544	33	37	34	35	0|0	0.914517488085483	NA
chr19	1185972	1186590	33	49	36	41	0|0	0.914517488085483	NA
chr19	2015584	2017333	28	41	29	36	0|0	0.914517488085483	NA
chr19	3940736	3940761	55	50	65	61	0|0	0.914517488085483	NA
chr19	5609053	5609084	34	37	44	35	0|0	0.914517488085483	NA
chr19	5796076	5797480	45	50	55	59	0|0	0.914517488085483	NA
chr19	6203601	6204042	25	20	17	15	0|0	0.914517488085483	NA
chr19	8616283	8616311	53	52	58	75	0|0	0.914517488085483	NA
chr19	9643045	9643068	26	30	18	19	0|0	0.914517488085483	NA
chr19	11292969	11292998	25	24	30	34	0|0	0.914517488085483	NA
chr19	11694978	11695684	20	35	25	28	0|0	0.914517488085483	NA
chr19	12719760	12719815	20	28	27	32	0|0	0.914517488085483	NA
chr19	16609494	16609967	28	23	38	28	0|0	0.914517488085483	NA
chr19	29269470	29269508	33	33	27	37	0|0	0.914517488085483	NA
chr19	29269923	29270207	33	32	26	36	0|0	0.914517488085483	NA
chr19	32326335	32326362	48	49	42	58	0|0	0.914517488085483	NA
chr19	48652762	48652796	44	54	53	52	0|0	0.914517488085483	NA
chr19	53840959	53840983	19	15	20	13	0|0	0.914517488085483	NA
chr19	55859126	55859963	23	28	32	26	0|0	0.914517488085483	NA
chr19	56054567	56054588	76	63	74	80	0|0	0.914517488085483	NA
chr2	7488571	7489244	17	18	12	19	0|0	0.914517488085483	NA
chr2	37121264	37121293	69	54	78	73	0|0	0.914517488085483	NA
chr2	43728479	43728501	20	13	13	19	0|0	0.914517488085483	NA
chr2	47308584	47309653	18	25	31	45	0|0	0.914517488085483	NA
chr2	68153583	68155095	24	21	40	34	0|0	0.914517488085483	NA
chr2	70208911	70208931	33	30	25	36	0|0	0.914517488085483	NA
chr2	88021675	88021702	24	27	33	47	0|0	0.914517488085483	NA
chr2	96096278	96096317	26	21	24	25	0|0	0.914517488085483	NA
chr2	98448056	98448382	19	25	28	41	0|0	0.914517488085483	NA
chr2	171820729	171820757	31	30	64	59	0|0	0.914517488085483	NA
chr2	202366783	202366813	31	37	74	77	0|0	0.914517488085483	NA
chr2	218708495	218708518	19	21	22	13	0|0	0.914517488085483	NA
chr20	448687	448714	71	76	67	61	0|0	0.914517488085483	NA
chr20	448687	448714	71	76	67	61	0|0	0.914517488085483	NA
chr20	4237457	4237479	47	45	38	51	0|0	0.914517488085483	NA
chr20	17574727	17574747	23	19	20	19	0|0	0.914517488085483	NA
chr20	32411033	32411062	28	38	25	24	0|0	0.914517488085483	NA
chr20	33513817	33513838	21	23	16	22	0|0	0.914517488085483	NA
chr20	34025680	34025702	42	29	32	26	0|0	0.914517488085483	NA
chr20	34414138	34414165	26	30	19	23	0|0	0.914517488085483	NA
chr20	37001772	37001945	42	38	42	33	0|0	0.914517488085483	NA
chr20	41504081	41504109	28	31	30	17	0|0	0.914517488085483	NA
chr20	50720565	50720594	32	36	28	27	0|0	0.914517488085483	NA
chr20	54926473	54926621	30	27	34	37	0|0	0.914517488085483	NA
chr21	26193418	26193448	55	47	35	39	0|0	0.914517488085483	NA
chr22	20758367	20758396	26	32	38	35	0|0	0.914517488085483	NA
chr22	21381201	21442937	85	87	101	88	0|0	0.914517488085483	NA
chr22	21565756	21565794	24	33	26	30	0|0	0.914517488085483	NA
chr22	21603528	21603562	24	16	21	17	0|0	0.914517488085483	NA
chr3	7359113	7359146	25	25	20	17	0|0	0.914517488085483	NA
chr3	13486269	13486303	24	26	19	24	0|0	0.914517488085483	NA
chr3	32852754	32852782	20	26	22	13	0|0	0.914517488085483	NA
chr3	49378165	49378198	44	41	50	35	0|0	0.914517488085483	NA
chr3	57906047	57906080	43	48	39	36	0|0	0.914517488085483	NA
chr3	57909504	57909527	20	21	14	24	0|0	0.914517488085483	NA
chr3	58068989	58069161	21	16	21	15	0|0	0.914517488085483	NA
chr3	68370391	68371359	27	30	29	38	0|0	0.914517488085483	NA
chr3	73688164	73689939	57	59	48	51	0|0	0.914517488085483	NA
chr3	78788416	78788464	21	19	26	15	0|0	0.914517488085483	NA
chr3	113808055	113808155	76	70	65	79	0|0	0.914517488085483	NA
chr3	121824613	121824632	22	14	11	15	0|0	0.914517488085483	NA
chr3	142314909	142314939	23	31	19	22	0|0	0.914517488085483	NA
chr3	147249362	147249386	21	17	16	25	0|0	0.914517488085483	NA
chr3	157214785	157214937	37	45	38	28	0|0	0.914517488085483	NA
chr3	161653273	161653297	20	12	11	11	0|0	0.914517488085483	NA
chr3	184774503	184774533	24	34	23	19	0|0	0.914517488085483	NA
chr3	189667024	189667049	27	28	24	27	0|0	0.914517488085483	NA
chr4	1927720	1927749	24	16	29	26	0|0	0.914517488085483	NA
chr4	3537722	3537747	38	33	71	58	0|0	0.914517488085483	NA
chr4	44316797	44316832	32	20	33	29	0|0	0.914517488085483	NA
chr4	70521375	70521399	20	19	29	25	0|0	0.914517488085483	NA
chr4	71266679	71267978	24	25	36	24	0|0	0.914517488085483	NA
chr4	71266769	71267828	24	23	35	24	0|0	0.914517488085483	NA
chr4	96128801	96128835	19	16	14	21	0|0	0.914517488085483	NA
chr4	109450360	109450677	20	22	24	27	0|0	0.914517488085483	NA
chr4	123446682	123446785	24	17	19	22	0|0	0.914517488085483	NA
chr4	134050708	134050728	28	22	23	35	0|0	0.914517488085483	NA
chr4	151265340	151265376	62	55	57	64	0|0	0.914517488085483	NA
chr4	161948292	161948320	24	31	28	33	0|0	0.914517488085483	NA
chr4	168749198	168749422	26	25	23	16	0|0	0.914517488085483	NA
chr4	173732316	173732337	18	19	28	24	0|0	0.914517488085483	NA
chr4	177520573	177520598	25	38	44	52	0|0	0.914517488085483	NA
chr4	183948220	183948254	23	21	21	26	0|0	0.914517488085483	NA
chr5	31802530	31803491	24	22	22	22	0|0	0.914517488085483	NA
chr5	70191590	71033831	137	135	160	170	0|0	0.914517488085483	NA
chr5	136411464	136411508	23	22	34	31	0|0	0.914517488085483	NA
chr5	157684855	157684897	49	38	57	58	0|0	0.914517488085483	NA
chr5	157684855	157686660	50	57	70	74	0|0	0.914517488085483	NA
chr5	172025898	172025969	28	40	50	45	0|0	0.914517488085483	NA
chr5	172808043	172808075	33	23	30	37	0|0	0.914517488085483	NA
chr5	176409292	176409319	18	15	27	24	0|0	0.914517488085483	NA
chr6	1666697	1669941	43	59	57	53	0|0	0.914517488085483	NA
chr6	2812730	2812766	19	13	13	12	0|0	0.914517488085483	NA
chr6	7450136	7450438	31	29	38	30	0|0	0.914517488085483	NA
chr6	21191755	21191785	21	18	16	12	0|0	0.914517488085483	NA
chr6	36583331	36583532	25	19	23	17	0|0	0.914517488085483	NA
chr6	55186642	55187610	40	48	37	37	0|0	0.914517488085483	NA
chr6	82836333	82836504	21	18	26	23	0|0	0.914517488085483	NA
chr6	98290778	98290805	23	27	16	17	0|0	0.914517488085483	NA
chr6	99483846	99483866	41	38	44	37	0|0	0.914517488085483	NA
chr6	106719847	106723122	25	16	17	12	0|0	0.914517488085483	NA
chr6	119057968	119057990	41	34	26	28	0|0	0.914517488085483	NA
chr6	128692306	128692623	32	19	27	30	0|0	0.914517488085483	NA
chr6	136860015	136860036	22	29	15	26	0|0	0.914517488085483	NA
chr6	154415103	154415139	32	44	37	31	0|0	0.914517488085483	NA
chr6	170113858	170114225	27	21	18	21	0|0	0.914517488085483	NA
chr7	6135133	6135688	26	22	28	30	0|0	0.914517488085483	NA
chr7	11781016	11781042	23	20	30	23	0|0	0.914517488085483	NA
chr7	22316972	22316997	78	71	78	87	0|0	0.914517488085483	NA
chr7	22965127	22965152	22	19	24	25	0|0	0.914517488085483	NA
chr7	38241821	38241851	24	31	34	33	0|0	0.914517488085483	NA
chr7	55765668	55765773	22	28	20	20	0|0	0.914517488085483	NA
chr7	56067895	56067924	21	30	30	26	0|0	0.914517488085483	NA
chr7	57828120	57851418	78	63	77	83	0|0	0.914517488085483	NA
chr7	65522023	65577478	94	100	87	98	0|0	0.914517488085483	NA
chr7	68997383	68997560	20	35	17	14	0|0	0.914517488085483	NA
chr7	100639579	100639600	23	33	34	26	0|0	0.914517488085483	NA
chr7	101965850	101965878	27	27	26	35	0|0	0.914517488085483	NA
chr7	102579041	102579067	39	32	20	28	0|0	0.914517488085483	NA
chr7	107934899	107934921	32	21	23	22	0|0	0.914517488085483	NA
chr7	121026660	121026685	61	52	37	49	0|0	0.914517488085483	NA
chr7	121405492	121405512	68	72	59	69	0|0	0.914517488085483	NA
chr7	138609493	138612472	56	74	60	56	0|0	0.914517488085483	NA
chr7	143598173	143707727	30	23	22	18	0|0	0.914517488085483	NA
chr7	148871396	148871434	41	41	42	43	0|0	0.914517488085483	NA
chr8	17137513	17137545	37	24	24	30	0|0	0.914517488085483	NA
chr8	38248946	38248971	30	37	19	20	0|0	0.914517488085483	NA
chr8	53626002	53626324	23	17	14	16	0|0	0.914517488085483	NA
chr8	65662115	65663555	98	88	70	70	0|0	0.914517488085483	NA
chr8	67002339	67003191	24	33	24	22	0|0	0.914517488085483	NA
chr8	73901855	73902920	48	53	49	47	0|0	0.914517488085483	NA
chr8	92447804	92447830	23	19	20	15	0|0	0.914517488085483	NA
chr8	94424851	94425082	29	33	30	33	0|0	0.914517488085483	NA
chr8	95113513	95115077	55	70	56	53	0|0	0.914517488085483	NA
chr8	109093852	109093880	31	26	30	28	0|0	0.914517488085483	NA
chr8	123458035	123458076	20	26	25	15	0|0	0.914517488085483	NA
chr8	127146603	127146621	40	32	30	35	0|0	0.914517488085483	NA
chr9	19282557	19282583	42	27	50	50	0|0	0.914517488085483	NA
chr9	37282606	37282628	27	35	27	30	0|0	0.914517488085483	NA
chr9	80088072	80088091	19	23	33	27	0|0	0.914517488085483	NA
chr9	115588140	115588201	21	21	20	20	0|0	0.914517488085483	NA
chr9	125248624	125248648	62	54	66	60	0|0	0.914517488085483	NA
chr9	130686489	130686523	31	30	35	25	0|0	0.914517488085483	NA
chrX	12417995	12418020	25	27	30	22	0|0	0.914517488085483	NA
chrX	20096086	20096110	22	18	28	24	0|0	0.914517488085483	NA
chrX	40255307	40255334	30	33	29	35	0|0	0.914517488085483	NA
chrX	42915533	42915554	28	36	24	25	0|0	0.914517488085483	NA
chrX	48523553	48523577	36	46	42	41	0|0	0.914517488085483	NA
chrX	71836617	71836647	19	19	43	37	0|0	0.914517488085483	NA
chrX	97438180	97440208	61	50	117	105	0|0	0.914517488085483	NA
chr1	21281741	21282607	0	0	0	0	0|0	0.914517488085482	NA
chr1	21282586	21282617	0	0	0	0	0|0	0.914517488085482	NA
chr1	21282586	21282617	0	0	0	0	0|0	0.914517488085482	NA
chr1	122503589	122664340	0	0	0	0	0|0	0.914517488085482	NA
chr1	122503589	124785213	0	0	0	0	0|0	0.914517488085482	NA
chr1	122503589	124785213	0	0	0	0	0|0	0.914517488085482	NA
chr1	122666445	123091140	0	0	0	0	0|0	0.914517488085482	NA
chr1	123094014	123674856	0	0	0	0	0|0	0.914517488085482	NA
chr1	123675215	124009097	0	0	0	0	0|0	0.914517488085482	NA
chr1	124013230	124448700	0	0	0	0	0|0	0.914517488085482	NA
chr1	124452710	124673434	0	0	0	0	0|0	0.914517488085482	NA
chr1	124673962	124675976	0	0	0	0	0|0	0.914517488085482	NA
chr1	124677111	124785213	0	0	0	0	0|0	0.914517488085482	NA
chr1	124785599	124932578	0	0	0	0	0|0	0.914517488085482	NA
chr1	124785599	124932578	0	0	0	0	0|0	0.914517488085482	NA
chr1	124790827	124932578	0	0	0	0	0|0	0.914517488085482	NA
chr1	125173599	143186261	0	0	0	0	0|0	0.914517488085482	NA
chr1	125178776	143253634	0	0	0	0	0|0	0.914517488085482	NA
chr1	143190740	143202229	0	0	0	0	0|0	0.914517488085482	NA
chr1	143208742	143232607	0	0	0	0	0|0	0.914517488085482	NA
chr1	143208742	143254930	0	0	0	0	0|0	0.914517488085482	NA
chr1	143238559	143253356	0	0	0	0	0|0	0.914517488085482	NA
chr1	143253437	143260559	0	0	0	0	0|0	0.914517488085482	NA
chr1	143253951	143260559	0	0	0	0	0|0	0.914517488085482	NA
chr1	143255258	143256980	0	0	0	0	0|0	0.914517488085482	NA
chr1	169115187	169115209	0	0	0	0	0|0	0.914517488085482	NA
chr1	189696529	189696566	0	0	0	0	0|0	0.914517488085482	NA
chr1	189696529	189696566	0	0	0	0	0|0	0.914517488085482	NA
chr10	41850484	42089062	0	0	0	0	0|0	0.914517488085482	NA
chr10	114137164	114138084	0	0	0	0	0|0	0.914517488085482	NA
chr10	114138039	114138085	0	0	0	0	0|0	0.914517488085482	NA
chr10	114138039	114138085	0	0	0	0	0|0	0.914517488085482	NA
chr11	51174617	51265855	0	0	0	0	0|0	0.914517488085482	NA
chr11	52309202	52337280	0	0	0	0	0|0	0.914517488085482	NA
chr11	52320943	52340088	0	0	0	0	0|0	0.914517488085482	NA
chr11	52549476	52571387	0	0	0	0	0|0	0.914517488085482	NA
chr11	52914447	52933874	0	0	0	0	0|0	0.914517488085482	NA
chr11	53278984	53298514	0	0	0	0	0|0	0.914517488085482	NA
chr11	54020964	54031565	0	0	0	0	0|0	0.914517488085482	NA
chr12	34835339	37183541	0	0	0	0	0|0	0.914517488085482	NA
chr12	34837570	37183541	0	0	0	0	0|0	0.914517488085482	NA
chr12	34843755	34847425	0	0	0	0	0|0	0.914517488085482	NA
chr12	35155958	35167107	0	0	0	0	0|0	0.914517488085482	NA
chr12	35169718	35214844	0	0	0	0	0|0	0.914517488085482	NA
chr12	35194694	35214844	0	0	0	0	0|0	0.914517488085482	NA
chr12	35246412	35725906	0	0	0	0	0|0	0.914517488085482	NA
chr12	35261911	35327774	0	0	0	0	0|0	0.914517488085482	NA
chr12	35536828	36043909	0	0	0	0	0|0	0.914517488085482	NA
chr12	36280852	36291139	0	0	0	0	0|0	0.914517488085482	NA
chr12	36325554	36481217	0	0	0	0	0|0	0.914517488085482	NA
chr12	36506955	36624152	0	0	0	0	0|0	0.914517488085482	NA
chr12	36705040	36977731	0	0	0	0	0|0	0.914517488085482	NA
chr12	36780183	37010837	0	0	0	0	0|0	0.914517488085482	NA
chr12	37026518	37069747	0	0	0	0	0|0	0.914517488085482	NA
chr13	1	17417681	0	0	0	0	0|0	0.914517488085482	NA
chr13	1	17422372	0	0	0	0	0|0	0.914517488085482	NA
chr13	1	17441658	0	0	0	0	0|0	0.914517488085482	NA
chr13	17418898	17562284	0	0	0	0	0|0	0.914517488085482	NA
chr13	17422604	17566530	0	0	0	0	0|0	0.914517488085482	NA
chr13	17444695	17566530	0	0	0	0	0|0	0.914517488085482	NA
chr13	17567680	17591471	0	0	0	0	0|0	0.914517488085482	NA
chr13	17567680	17616629	0	0	0	0	0|0	0.914517488085482	NA
chr13	17567680	17642612	0	0	0	0	0|0	0.914517488085482	NA
chr13	17591770	17599462	0	0	0	0	0|0	0.914517488085482	NA
chr13	17599692	17616629	0	0	0	0	0|0	0.914517488085482	NA
chr13	17616809	17792249	0	0	0	0	0|0	0.914517488085482	NA
chr13	17617957	17711189	0	0	0	0	0|0	0.914517488085482	NA
chr13	17644087	17743266	0	0	0	0	0|0	0.914517488085482	NA
chr13	17712873	17740045	0	0	0	0	0|0	0.914517488085482	NA
chr13	17740626	17743266	0	0	0	0	0|0	0.914517488085482	NA
chr13	17744018	17874321	0	0	0	0	0|0	0.914517488085482	NA
chr13	17744018	18011542	0	0	0	0	0|0	0.914517488085482	NA
chr13	17792901	17794179	0	0	0	0	0|0	0.914517488085482	NA
chr13	17794710	17862112	0	0	0	0	0|0	0.914517488085482	NA
chr13	17862127	17874321	0	0	0	0	0|0	0.914517488085482	NA
chr13	17874372	18014795	0	0	0	0	0|0	0.914517488085482	NA
chr13	17875197	18009743	0	0	0	0	0|0	0.914517488085482	NA
chr13	18014820	18024536	0	0	0	0	0|0	0.914517488085482	NA
chr13	18025301	18035840	0	0	0	0	0|0	0.914517488085482	NA
chr13	18035916	18047704	0	0	0	0	0|0	0.914517488085482	NA
chr15	17500026	19723471	0	0	0	0	0|0	0.914517488085482	NA
chr15	17506425	19723471	0	0	0	0	0|0	0.914517488085482	NA
chr15	17506671	19723471	0	0	0	0	0|0	0.914517488085482	NA
chr15	18365752	19515564	0	0	0	0	0|0	0.914517488085482	NA
chr15	19558491	19641799	0	0	0	0	0|0	0.914517488085482	NA
chr15	19558491	19641799	0	0	0	0	0|0	0.914517488085482	NA
chr15	35036311	35036343	0	0	0	0	0|0	0.914517488085482	NA
chr15	45883423	45883456	0	0	0	0	0|0	0.914517488085482	NA
chr15	45883423	45883456	0	0	0	0	0|0	0.914517488085482	NA
chr15	83152684	83152713	0	0	0	0	0|0	0.914517488085482	NA
chr15	83152684	83152713	0	0	0	0	0|0	0.914517488085482	NA
chr16	34061509	34067519	0	0	0	0	0|0	0.914517488085482	NA
chr16	34571511	34596269	0	0	0	0	0|0	0.914517488085482	NA
chr16	34571511	34596269	0	0	0	0	0|0	0.914517488085482	NA
chr16	36317225	36329476	0	0	0	0	0|0	0.914517488085482	NA
chr16	46382554	46401805	0	0	0	0	0|0	0.914517488085482	NA
chr16	46382554	46401805	0	0	0	0	0|0	0.914517488085482	NA
chr17	21972179	21985186	0	0	0	0	0|0	0.914517488085482	NA
chr17	22860316	22864873	0	0	0	0	0|0	0.914517488085482	NA
chr17	22867558	22874698	0	0	0	0	0|0	0.914517488085482	NA
chr17	22877498	22884024	0	0	0	0	0|0	0.914517488085482	NA
chr17	22897720	22905160	0	0	0	0	0|0	0.914517488085482	NA
chr17	22950615	22955341	0	0	0	0	0|0	0.914517488085482	NA
chr17	23108924	23112231	0	0	0	0	0|0	0.914517488085482	NA
chr17	23112339	23122207	0	0	0	0	0|0	0.914517488085482	NA
chr17	24538497	24598805	0	0	0	0	0|0	0.914517488085482	NA
chr17	24624609	24760317	0	0	0	0	0|0	0.914517488085482	NA
chr17	24624609	24760317	0	0	0	0	0|0	0.914517488085482	NA
chr17	24750573	25093315	0	0	0	0	0|0	0.914517488085482	NA
chr17	24770765	25079760	0	0	0	0	0|0	0.914517488085482	NA
chr17	24770765	25093315	0	0	0	0	0|0	0.914517488085482	NA
chr17	25101195	25115563	0	0	0	0	0|0	0.914517488085482	NA
chr17	25101195	25211006	0	0	0	0	0|0	0.914517488085482	NA
chr17	25211370	25383903	0	0	0	0	0|0	0.914517488085482	NA
chr17	25637101	25917863	0	0	0	0	0|0	0.914517488085482	NA
chr17	26878479	26880253	0	0	0	0	0|0	0.914517488085482	NA
chr17	26880910	26885979	0	0	0	0	0|0	0.914517488085482	NA
chr17	73210750	73213464	0	0	0	0	0|0	0.914517488085482	NA
chr17	82758385	82758408	0	0	0	0	0|0	0.914517488085482	NA
chr17	82758385	82758408	0	0	0	0	0|0	0.914517488085482	NA
chr18	106675	112497	0	0	0	0	0|0	0.914517488085482	NA
chr18	21060839	21060867	0	0	0	0	0|0	0.914517488085482	NA
chr18	21060839	21060867	0	0	0	0	0|0	0.914517488085482	NA
chr19	38739450	38739482	0	0	0	0	0|0	0.914517488085482	NA
chr2	31827188	31827213	0	0	0	0	0|0	0.914517488085482	NA
chr2	31827188	31827213	0	0	0	0	0|0	0.914517488085482	NA
chr2	92450546	92454480	0	0	0	0	0|0	0.914517488085482	NA
chr2	93729902	93743296	0	0	0	0	0|0	0.914517488085482	NA
chr2	170416524	170416547	0	0	0	0	0|0	0.914517488085482	NA
chr2	202162930	202162950	0	0	0	0	0|0	0.914517488085482	NA
chr2	202162930	202162950	0	0	0	0	0|0	0.914517488085482	NA
chr20	26436325	26440085	0	0	0	0	0|0	0.914517488085482	NA
chr20	26436325	26460677	0	0	0	0	0|0	0.914517488085482	NA
chr20	26436325	26474979	0	0	0	0	0|0	0.914517488085482	NA
chr20	26441264	26453701	0	0	0	0	0|0	0.914517488085482	NA
chr20	26462617	26474979	0	0	0	0	0|0	0.914517488085482	NA
chr20	26462617	26585870	0	0	0	0	0|0	0.914517488085482	NA
chr20	26476425	26486199	0	0	0	0	0|0	0.914517488085482	NA
chr20	26476425	26542307	0	0	0	0	0|0	0.914517488085482	NA
chr20	26489467	26509670	0	0	0	0	0|0	0.914517488085482	NA
chr20	26511210	26557337	0	0	0	0	0|0	0.914517488085482	NA
chr20	26542809	26585870	0	0	0	0	0|0	0.914517488085482	NA
chr20	26557585	26585870	0	0	0	0	0|0	0.914517488085482	NA
chr20	26866730	26995145	0	0	0	0	0|0	0.914517488085482	NA
chr20	26998172	27019571	0	0	0	0	0|0	0.914517488085482	NA
chr20	26998172	27019571	0	0	0	0	0|0	0.914517488085482	NA
chr3	47815725	47815753	0	0	0	0	0|0	0.914517488085482	NA
chr3	90772460	90785142	0	0	0	0	0|0	0.914517488085482	NA
chr3	90772460	91233425	0	0	0	0	0|0	0.914517488085482	NA
chr3	90772460	91233425	0	0	0	0	0|0	0.914517488085482	NA
chr3	90791931	90810512	0	0	0	0	0|0	0.914517488085482	NA
chr3	90812999	90824435	0	0	0	0	0|0	0.914517488085482	NA
chr3	90825961	90846858	0	0	0	0	0|0	0.914517488085482	NA
chr3	90847043	90871964	0	0	0	0	0|0	0.914517488085482	NA
chr3	90882853	90887313	0	0	0	0	0|0	0.914517488085482	NA
chr3	90888076	90901962	0	0	0	0	0|0	0.914517488085482	NA
chr3	90905829	90940891	0	0	0	0	0|0	0.914517488085482	NA
chr3	90946960	91020514	0	0	0	0	0|0	0.914517488085482	NA
chr3	91021062	91046143	0	0	0	0	0|0	0.914517488085482	NA
chr3	91046388	91077286	0	0	0	0	0|0	0.914517488085482	NA
chr3	91077581	91147025	0	0	0	0	0|0	0.914517488085482	NA
chr3	91153943	91180466	0	0	0	0	0|0	0.914517488085482	NA
chr3	91180928	91183836	0	0	0	0	0|0	0.914517488085482	NA
chr3	91190173	91195630	0	0	0	0	0|0	0.914517488085482	NA
chr3	91197019	91233425	0	0	0	0	0|0	0.914517488085482	NA
chr3	91553425	93470791	0	0	0	0	0|0	0.914517488085482	NA
chr3	91553425	93470791	0	0	0	0	0|0	0.914517488085482	NA
chr3	93475774	93655274	0	0	0	0	0|0	0.914517488085482	NA
chr3	93475774	93655274	0	0	0	0	0|0	0.914517488085482	NA
chr4	49708887	49711946	0	0	0	0	0|0	0.914517488085482	NA
chr4	49708887	49711946	0	0	0	0	0|0	0.914517488085482	NA
chr4	51107160	51107550	0	0	0	0	0|0	0.914517488085482	NA
chr4	93178067	93178091	0	0	0	0	0|0	0.914517488085482	NA
chr5	46486925	46566837	0	0	0	0	0|0	0.914517488085482	NA
chr5	46486925	46571522	0	0	0	0	0|0	0.914517488085482	NA
chr5	46486925	46575591	0	0	0	0	0|0	0.914517488085482	NA
chr5	46689476	46696275	0	0	0	0	0|0	0.914517488085482	NA
chr5	46809940	46834816	0	0	0	0	0|0	0.914517488085482	NA
chr5	46809940	47059879	0	0	0	0	0|0	0.914517488085482	NA
chr5	46834903	46985905	0	0	0	0	0|0	0.914517488085482	NA
chr5	46992543	47032559	0	0	0	0	0|0	0.914517488085482	NA
chr5	47037257	47059879	0	0	0	0	0|0	0.914517488085482	NA
chr5	47107044	47153242	0	0	0	0	0|0	0.914517488085482	NA
chr5	47107044	47153242	0	0	0	0	0|0	0.914517488085482	NA
chr5	138592987	138593008	0	0	0	0	0|0	0.914517488085482	NA
chr5	139830009	139830033	0	0	0	0	0|0	0.914517488085482	NA
chr5	156485053	156487914	0	0	0	0	0|0	0.914517488085482	NA
chr5	156487789	156487917	0	0	0	0	0|0	0.914517488085482	NA
chr7	2642539	2642568	0	0	0	0	0|0	0.914517488085482	NA
chr7	3213224	3213256	0	0	0	0	0|0	0.914517488085482	NA
chr7	3213224	3213256	0	0	0	0	0|0	0.914517488085482	NA
chr8	10617401	10617435	0	0	0	0	0|0	0.914517488085482	NA
chr8	134653263	134653302	0	0	0	0	0|0	0.914517488085482	NA
chr9	44366874	44369691	0	0	0	0	0|0	0.914517488085482	NA
chr9	44482474	44642826	0	0	0	0	0|0	0.914517488085482	NA
chr9	44643976	44656875	0	0	0	0	0|0	0.914517488085482	NA
chrX	1301333	1301373	0	0	0	0	0|0	0.914517488085482	NA
chrX	53731466	53731498	0	0	0	0	0|0	0.914517488085482	NA
chrX	58608003	62403311	0	0	0	0	0|0	0.914517488085482	NA
chrX	58608003	62403311	0	0	0	0	0|0	0.914517488085482	NA
chrX	58608003	62403311	0	0	0	0	0|0	0.914517488085482	NA
chrX	75115275	75115308	0	0	0	0	0|0	0.914517488085482	NA
chrX	75115275	75116399	0	0	0	0	0|0	0.914517488085482	NA
chr1	1	505859	551	484	363	328	0|0	0.914517488085482	NA
chr1	1	516198	560	496	368	335	0|0	0.914517488085482	NA
chr1	13234158	13260276	101	93	61	77	0|0	0.914517488085482	NA
chr1	22215522	22216325	100	111	55	86	0|0	0.914517488085482	NA
chr1	36510992	36511024	77	55	38	35	0|0	0.914517488085482	NA
chr1	47071097	47075751	33	15	12	18	0|0	0.914517488085482	NA
chr1	50013152	50014385	22	35	31	20	0|0	0.914517488085482	NA
chr1	121743101	121770184	221	293	205	220	0|0	0.914517488085482	NA
chr1	146135633	146308587	149	220	152	161	0|0	0.914517488085482	NA
chr1	195821298	195822241	38	63	39	27	0|0	0.914517488085482	NA
chr1	231100944	231100969	53	77	35	37	0|0	0.914517488085482	NA
chr10	38901842	38920241	100	123	92	112	0|0	0.914517488085482	NA
chr10	45874314	45874484	60	48	45	61	0|0	0.914517488085482	NA
chr10	58400370	58400399	90	86	59	78	0|0	0.914517488085482	NA
chr10	58400370	58400399	90	86	59	78	0|0	0.914517488085482	NA
chr10	58400370	58400399	90	86	59	78	0|0	0.914517488085482	NA
chr10	93050761	93050783	20	16	17	11	0|0	0.914517488085482	NA
chr10	93290780	93292152	45	73	58	52	0|0	0.914517488085482	NA
chr10	125850346	125851520	54	55	35	53	0|0	0.914517488085482	NA
chr11	25565474	25565498	18	31	27	18	0|0	0.914517488085482	NA
chr11	83720295	83720338	88	55	58	63	0|0	0.914517488085482	NA
chr11	83720295	83720338	88	55	58	63	0|0	0.914517488085482	NA
chr11	89875270	89967621	208	210	149	207	0|0	0.914517488085482	NA
chr11	89886502	89967621	197	194	142	203	0|0	0.914517488085482	NA
chr11	133538063	133538081	28	23	34	17	0|0	0.914517488085482	NA
chr12	9430780	9446837	84	83	96	62	0|0	0.914517488085482	NA
chr12	31395944	31395971	68	45	40	40	0|0	0.914517488085482	NA
chr12	31920322	31920349	29	14	17	17	0|0	0.914517488085482	NA
chr12	47003296	47003333	67	33	34	48	0|0	0.914517488085482	NA
chr12	48736039	48736437	20	36	25	17	0|0	0.914517488085482	NA
chr12	49493094	49493118	36	57	55	49	0|0	0.914517488085482	NA
chr12	50922876	50923042	20	37	26	23	0|0	0.914517488085482	NA
chr12	56068551	56068582	35	37	33	17	0|0	0.914517488085482	NA
chr12	86840535	86869626	134	186	146	161	0|0	0.914517488085482	NA
chr12	92124205	92124230	60	42	44	58	0|0	0.914517488085482	NA
chr12	98619874	98619903	48	29	35	31	0|0	0.914517488085482	NA
chr12	98647254	98647277	51	26	20	35	0|0	0.914517488085482	NA
chr12	104256205	104256797	30	63	38	31	0|0	0.914517488085482	NA
chr12	123460604	123460626	36	19	17	27	0|0	0.914517488085482	NA
chr12	131294483	131312924	137	189	115	141	0|0	0.914517488085482	NA
chr12	131653259	131660014	72	76	56	79	0|0	0.914517488085482	NA
chr12	133140204	133140235	68	47	37	40	0|0	0.914517488085482	NA
chr12	133140424	133142670	68	86	46	56	0|0	0.914517488085482	NA
chr13	108539297	108544343	52	90	57	67	0|0	0.914517488085482	NA
chr14	31214355	31214376	27	48	45	20	0|0	0.914517488085482	NA
chr14	39146548	39146581	38	48	64	29	0|0	0.914517488085482	NA
chr14	50737497	50737527	18	14	15	36	0|0	0.914517488085482	NA
chr14	52491009	52491041	36	17	22	37	0|0	0.914517488085482	NA
chr14	73307188	73307328	26	42	48	22	0|0	0.914517488085482	NA
chr14	73564296	73564315	72	54	44	87	0|0	0.914517488085482	NA
chr14	74269257	74269988	29	14	16	32	0|0	0.914517488085482	NA
chr14	88423376	88423399	21	15	13	27	0|0	0.914517488085482	NA
chr15	28354666	28568676	139	161	149	141	0|0	0.914517488085482	NA
chr15	40409401	40409492	86	55	63	66	0|0	0.914517488085482	NA
chr15	41329065	41329103	36	39	27	43	0|0	0.914517488085482	NA
chr15	50540946	50542070	62	101	100	67	0|0	0.914517488085482	NA
chr15	56456995	56461689	55	99	78	92	0|0	0.914517488085482	NA
chr15	61776173	61776201	48	29	32	34	0|0	0.914517488085482	NA
chr15	65238151	65239458	28	54	42	46	0|0	0.914517488085482	NA
chr15	65239425	65239486	29	43	29	43	0|0	0.914517488085482	NA
chr15	72224867	72224887	36	18	37	26	0|0	0.914517488085482	NA
chr15	72662313	72670243	37	19	43	38	0|0	0.914517488085482	NA
chr15	77945197	77954233	47	74	47	68	0|0	0.914517488085482	NA
chr15	84419668	84505866	110	75	99	111	0|0	0.914517488085482	NA
chr16	10674619	10674642	43	26	64	47	0|0	0.914517488085482	NA
chr16	18298738	18386909	64	44	52	92	0|0	0.914517488085482	NA
chr16	18298738	18390557	66	50	56	100	0|0	0.914517488085482	NA
chr16	21424576	21583107	915	833	1209	1247	0|0	0.914517488085482	NA
chr16	22463161	22699434	1499	1524	2124	2197	0|0	0.914517488085482	NA
chr16	24432681	24432711	36	17	53	49	0|0	0.914517488085482	NA
chr16	77900693	77900716	38	71	63	88	0|0	0.914517488085482	NA
chr17	9589730	9589760	30	16	30	25	0|0	0.914517488085482	NA
chr17	10263396	10263427	27	16	24	13	0|0	0.914517488085482	NA
chr17	42035120	42035150	49	32	41	30	0|0	0.914517488085482	NA
chr17	44566956	44567601	30	49	25	35	0|0	0.914517488085482	NA
chr17	47723470	47723499	28	14	25	14	0|0	0.914517488085482	NA
chr17	51060499	51060536	26	13	23	14	0|0	0.914517488085482	NA
chr17	52484160	52484180	69	94	50	83	0|0	0.914517488085482	NA
chr17	52484160	52484180	69	94	50	83	0|0	0.914517488085482	NA
chr17	59641183	59641759	29	39	43	23	0|0	0.914517488085482	NA
chr17	63662241	63662270	93	120	77	117	0|0	0.914517488085482	NA
chr17	63662241	63662270	93	120	77	117	0|0	0.914517488085482	NA
chr18	12667762	12667784	56	32	38	39	0|0	0.914517488085482	NA
chr18	13531445	13531468	79	46	66	61	0|0	0.914517488085482	NA
chr18	27955369	27955433	78	52	41	49	0|0	0.914517488085482	NA
chr19	38757772	38791550	191	150	239	193	0|0	0.914517488085482	NA
chr19	50080738	50080758	61	41	46	51	0|0	0.914517488085482	NA
chr2	47383305	47383330	34	37	31	50	0|0	0.914517488085482	NA
chr2	94189392	94291924	1080	1092	1432	1532	0|0	0.914517488085482	NA
chr2	94189660	94229625	398	433	597	649	0|0	0.914517488085482	NA
chr2	110049850	110069975	25	38	73	37	0|0	0.914517488085482	NA
chr2	130512370	130652047	295	319	433	465	0|0	0.914517488085482	NA
chr2	130512370	130652047	295	319	433	465	0|0	0.914517488085482	NA
chr2	151442383	151442416	38	27	72	39	0|0	0.914517488085482	NA
chr2	169533713	169534222	14	29	39	32	0|0	0.914517488085482	NA
chr2	179343104	179343127	28	46	72	52	0|0	0.914517488085482	NA
chr2	179663715	179663740	35	56	71	64	0|0	0.914517488085482	NA
chr2	205140456	205145261	43	78	102	135	0|0	0.914517488085482	NA
chr2	206245985	206246014	27	41	76	49	0|0	0.914517488085482	NA
chr2	211914051	211914069	24	40	72	54	0|0	0.914517488085482	NA
chr2	215941067	215943989	43	63	98	75	0|0	0.914517488085482	NA
chr2	215943840	215943868	41	30	60	44	0|0	0.914517488085482	NA
chr2	241712936	241713021	18	36	48	45	0|0	0.914517488085482	NA
chr20	47594666	47594704	27	43	25	35	0|0	0.914517488085482	NA
chr21	5216248	5392883	1094	1218	777	752	0|0	0.914517488085482	NA
chr21	5218092	5392883	1062	1165	736	723	0|0	0.914517488085482	NA
chr21	38444727	38444749	32	45	23	40	0|0	0.914517488085482	NA
chr21	46684326	46709983	40	80	35	37	0|0	0.914517488085482	NA
chr22	21495729	21554941	70	61	59	79	0|0	0.914517488085482	NA
chr22	21732810	21737034	37	73	68	63	0|0	0.914517488085482	NA
chr22	31787811	31787846	33	20	23	33	0|0	0.914517488085482	NA
chr22	45751741	45751765	44	58	53	68	0|0	0.914517488085482	NA
chr22	50807880	50818468	56	80	76	97	0|0	0.914517488085482	NA
chr3	13431215	13431239	36	51	55	40	0|0	0.914517488085482	NA
chr3	49378165	49380412	45	63	61	49	0|0	0.914517488085482	NA
chr3	101918889	101918922	65	87	81	72	0|0	0.914517488085482	NA
chr3	113702207	113702225	43	40	49	31	0|0	0.914517488085482	NA
chr3	113702207	113703391	44	50	53	33	0|0	0.914517488085482	NA
chr3	125491494	125492304	25	50	46	30	0|0	0.914517488085482	NA
chr3	176417752	176419302	32	47	50	33	0|0	0.914517488085482	NA
chr3	176419275	176419303	32	31	44	27	0|0	0.914517488085482	NA
chr4	49487630	51104381	614	648	943	910	0|0	0.914517488085482	NA
chr4	49489952	49658046	613	647	938	905	0|0	0.914517488085482	NA
chr4	57199139	57199161	46	25	46	62	0|0	0.914517488085482	NA
chr4	85083285	85083308	23	41	38	34	0|0	0.914517488085482	NA
chr4	190099655	190214555	416	488	578	638	0|0	0.914517488085482	NA
chr4	190178775	190214555	72	89	126	87	0|0	0.914517488085482	NA
chr5	7723922	7724140	27	40	31	42	0|0	0.914517488085482	NA
chr5	17017156	17018496	84	122	107	129	0|0	0.914517488085482	NA
chr5	69599003	69983576	31	46	55	23	0|0	0.914517488085482	NA
chr5	69631955	70894845	184	166	213	207	0|0	0.914517488085482	NA
chr5	69631955	70894845	184	166	213	207	0|0	0.914517488085482	NA
chr5	91365709	91366767	69	108	106	98	0|0	0.914517488085482	NA
chr5	125028444	125028476	27	39	45	60	0|0	0.914517488085482	NA
chr6	3990204	3990227	98	60	94	84	0|0	0.914517488085482	NA
chr6	42841070	42841102	40	17	27	23	0|0	0.914517488085482	NA
chr6	72613566	72613594	58	31	41	29	0|0	0.914517488085482	NA
chr6	79210577	79211034	19	39	31	38	0|0	0.914517488085482	NA
chr6	109417098	109417197	21	39	28	33	0|0	0.914517488085482	NA
chr6	150460079	150460113	42	57	47	29	0|0	0.914517488085482	NA
chr6	150611616	150611834	111	169	117	135	0|0	0.914517488085482	NA
chr6	150611616	150611834	111	169	117	135	0|0	0.914517488085482	NA
chr6	154697175	154697193	47	79	51	66	0|0	0.914517488085482	NA
chr6	158749390	158749413	33	60	43	41	0|0	0.914517488085482	NA
chr6	159629157	159629179	26	54	28	37	0|0	0.914517488085482	NA
chr6	166468856	166468882	49	86	46	62	0|0	0.914517488085482	NA
chr6	169586849	169586876	67	101	56	68	0|0	0.914517488085482	NA
chr6	169586849	169586876	67	101	56	68	0|0	0.914517488085482	NA
chr6	170661880	170805979	45	59	30	41	0|0	0.914517488085482	NA
chr7	30109589	30109620	49	62	48	35	0|0	0.914517488085482	NA
chr7	56016405	56017445	44	59	43	56	0|0	0.914517488085482	NA
chr7	62384916	62408709	396	395	432	475	0|0	0.914517488085482	NA
chr7	70716638	70716673	58	77	54	63	0|0	0.914517488085482	NA
chr7	70716638	70716673	58	77	54	63	0|0	0.914517488085482	NA
chr7	71977928	71977959	38	35	47	28	0|0	0.914517488085482	NA
chr7	77637859	77638239	22	12	15	18	0|0	0.914517488085482	NA
chr7	101142286	101142309	39	55	41	61	0|0	0.914517488085482	NA
chr7	107673548	107675311	45	67	51	45	0|0	0.914517488085482	NA
chr7	120728066	120728153	45	76	45	46	0|0	0.914517488085482	NA
chr7	121026819	121027286	61	58	40	57	0|0	0.914517488085482	NA
chr7	140558697	140558725	167	149	131	145	0|0	0.914517488085482	NA
chr7	140558697	140558725	167	149	131	145	0|0	0.914517488085482	NA
chr7	143527004	143541506	71	43	58	46	0|0	0.914517488085482	NA
chr7	143744740	143817090	161	226	223	189	0|0	0.914517488085482	NA
chr7	143744740	143873481	316	370	371	304	0|0	0.914517488085482	NA
chr7	143744740	143873481	316	370	371	304	0|0	0.914517488085482	NA
chr8	4912124	4912144	58	31	23	19	0|0	0.914517488085482	NA
chr8	4912124	4912144	58	31	23	19	0|0	0.914517488085482	NA
chr8	11106852	11106874	42	61	32	38	0|0	0.914517488085482	NA
chr8	60544063	60544084	23	15	11	16	0|0	0.914517488085482	NA
chr8	67094119	67094147	33	59	45	32	0|0	0.914517488085482	NA
chr8	84615337	84615360	81	110	85	81	0|0	0.914517488085482	NA
chr8	84615337	84615360	81	110	85	81	0|0	0.914517488085482	NA
chr8	85662850	85771619	188	187	142	184	0|0	0.914517488085482	NA
chr8	85734360	85769771	179	159	126	164	0|0	0.914517488085482	NA
chr8	113328439	113328464	37	49	55	31	0|0	0.914517488085482	NA
chr9	34184630	34188386	41	72	61	85	0|0	0.914517488085482	NA
chr9	34853829	34853850	116	86	140	97	0|0	0.914517488085482	NA
chr9	34853829	34853850	116	86	140	97	0|0	0.914517488085482	NA
chr9	39517883	39551975	154	215	213	175	0|0	0.914517488085482	NA
chr9	39599468	39821926	217	279	285	286	0|0	0.914517488085482	NA
chr9	39599468	42273145	8143	7931	10045	10243	0|0	0.914517488085482	NA
chr9	42163360	42269288	467	421	568	591	0|0	0.914517488085482	NA
chr9	60850940	61231193	389	321	448	470	0|0	0.914517488085482	NA
chr9	65048126	65293885	439	341	501	517	0|0	0.914517488085482	NA
chr9	65048802	65385801	474	476	609	611	0|0	0.914517488085482	NA
chr9	71581568	71581600	37	48	37	52	0|0	0.914517488085482	NA
chr9	81748933	81748951	46	36	49	29	0|0	0.914517488085482	NA
chr9	84019944	84019968	30	28	16	37	0|0	0.914517488085482	NA
chr9	111984574	111984603	33	46	31	51	0|0	0.914517488085482	NA
chr9	124924719	124925143	111	89	128	120	0|0	0.914517488085482	NA
chrX	1	241218	207	214	273	239	0|0	0.914517488085482	NA
chrX	1866345	1866367	72	56	67	87	0|0	0.914517488085482	NA
chrX	1866345	1866367	72	56	67	87	0|0	0.914517488085482	NA
chrX	48523553	48526152	48	89	80	88	0|0	0.914517488085482	NA
chrX	52488572	52547334	169	144	236	246	0|0	0.914517488085482	NA
chrX	97438117	97438147	61	36	101	82	0|0	0.914517488085482	NA
chrX	97438117	97438147	61	36	101	82	0|0	0.914517488085482	NA
chrX	156021587	156040895	63	79	165	130	0|0	0.914517488085482	NA
chrX	156030066	156040895	50	37	120	84	0|0	0.914517488085482	NA
chr20	32311710	32311740	22	25	24	12	0|0	0.914517488085481	NA
chr3	11219074	11219737	23	16	10	12	0|0	0.914517488085481	NA
chr1	12902706	13223439	459	964	560	284	0|0	0.91451748808548	NA
chr1	13061573	13260276	342	324	311	128	0|0	0.91451748808548	NA
chr1	16555361	17016564	2264	4340	1687	2474	0|0	0.91451748808548	NA
chr1	16561367	16674157	743	256	274	357	0|0	0.91451748808548	NA
chr1	16561367	16675607	754	274	284	363	0|0	0.91451748808548	NA
chr1	121743101	121965600	299	753	429	442	0|0	0.91451748808548	NA
chr1	121743101	121965600	299	753	429	442	0|0	0.91451748808548	NA
chr1	125079555	143199355	445	1735	846	776	0|0	0.91451748808548	NA
chr1	143257506	143292668	85	369	191	155	0|0	0.91451748808548	NA
chr1	143260569	143287957	80	357	185	151	0|0	0.91451748808548	NA
chr1	148869778	149870793	1493	5418	1637	3531	0|0	0.91451748808548	NA
chr10	37098920	37129619	106	348	274	90	0|0	0.91451748808548	NA
chr10	37100687	37124539	106	244	223	59	0|0	0.91451748808548	NA
chr10	38956572	38967096	98	252	149	142	0|0	0.91451748808548	NA
chr10	41843344	41902797	138	283	199	153	0|0	0.91451748808548	NA
chr10	46488136	46561649	462	952	331	738	0|0	0.91451748808548	NA
chr10	46488136	46982899	877	4953	1758	2852	0|0	0.91451748808548	NA
chr10	47464299	47959895	1819	2429	2486	1048	0|0	0.91451748808548	NA
chr10	47467207	47703402	967	1493	1390	614	0|0	0.91451748808548	NA
chr10	47468253	47559087	288	534	502	141	0|0	0.91451748808548	NA
chr10	47591926	48088335	1641	2446	2215	1211	0|0	0.91451748808548	NA
chr10	87430779	87487751	112	292	172	166	0|0	0.91451748808548	NA
chr10	133655348	133797422	96	274	174	176	0|0	0.91451748808548	NA
chr11	4287460	4292443	20	12	13	10	0|0	0.91451748808548	NA
chr11	49709119	49729804	228	100	123	147	0|0	0.91451748808548	NA
chr13	18011690	18213357	650	125	391	382	0|0	0.91451748808548	NA
chr14	1	18501788	776	3568	2017	1989	0|0	0.91451748808548	NA
chr14	1	18667760	1181	4612	2632	2662	0|0	0.91451748808548	NA
chr14	1	18673321	1226	4676	2687	2692	0|0	0.91451748808548	NA
chr14	18654997	20070578	5810	10914	7374	7894	0|0	0.91451748808548	NA
chr14	18667891	18890754	191	323	302	103	0|0	0.91451748808548	NA
chr14	18864051	18917957	259	55	146	103	0|0	0.91451748808548	NA
chr14	18864051	19956942	5545	8692	6291	6931	0|0	0.91451748808548	NA
chr14	77793476	77805229	102	267	269	164	0|0	0.91451748808548	NA
chr15	1	17083466	620	1718	1412	1013	0|0	0.91451748808548	NA
chr15	1	17481036	620	1718	1412	1013	0|0	0.91451748808548	NA
chr15	1	17504124	620	1718	1412	1013	0|0	0.91451748808548	NA
chr15	19776332	21839468	5382	7541	6173	7775	0|0	0.91451748808548	NA
chr15	19999210	22306232	6441	4969	5019	7030	0|0	0.91451748808548	NA
chr15	20012797	23222377	6631	11212	8455	10531	0|0	0.91451748808548	NA
chr15	22000891	22303574	961	432	470	928	0|0	0.91451748808548	NA
chr15	23173838	23358571	224	93	174	194	0|0	0.91451748808548	NA
chr15	30089479	30604210	172	350	105	477	0|0	0.91451748808548	NA
chr15	30136455	30557563	169	271	95	397	0|0	0.91451748808548	NA
chr15	30143418	30557563	166	265	94	391	0|0	0.91451748808548	NA
chr16	1230794	1253690	96	59	43	174	0|0	0.91451748808548	NA
chr16	14802650	15031127	389	512	272	1107	0|0	0.91451748808548	NA
chr16	21398308	22699434	11080	2549	9983	9762	0|0	0.91451748808548	NA
chr17	21401855	21825725	1215	6128	3445	3439	0|0	0.91451748808548	NA
chr17	21748291	21825725	397	886	602	624	0|0	0.91451748808548	NA
chr17	21968530	22158771	427	1759	1002	936	0|0	0.91451748808548	NA
chr17	21968530	22159054	428	1765	1005	937	0|0	0.91451748808548	NA
chr2	89532111	90151522	4168	2254	7975	1646	0|0	0.91451748808548	NA
chr2	89532111	91542029	6088	3783	11616	3322	0|0	0.91451748808548	NA
chr2	89532111	91639231	6850	4398	13012	4022	0|0	0.91451748808548	NA
chr2	90168051	94291924	4106	7743	9857	7608	0|0	0.91451748808548	NA
chr2	97169563	97204086	171	435	362	415	0|0	0.91451748808548	NA
chr2	97194857	97543166	704	779	768	1149	0|0	0.91451748808548	NA
chr2	97194857	97543166	704	779	768	1149	0|0	0.91451748808548	NA
chr2	240664106	240699143	100	232	152	325	0|0	0.91451748808548	NA
chr2	240676207	240699143	99	116	62	232	0|0	0.91451748808548	NA
chr2	242157424	242193529	36	99	47	132	0|0	0.91451748808548	NA
chr20	25761031	25850458	140	338	148	227	0|0	0.91451748808548	NA
chr20	26024317	26094336	133	233	88	211	0|0	0.91451748808548	NA
chr20	26073899	26089659	120	127	45	142	0|0	0.91451748808548	NA
chr20	28557254	28816377	3985	862	2210	1997	0|0	0.91451748808548	NA
chr20	28557254	29203956	9873	2303	5252	5113	0|0	0.91451748808548	NA
chr20	28557468	30424947	16272	13634	11800	13380	0|0	0.91451748808548	NA
chr20	28816524	28883268	1487	286	667	738	0|0	0.91451748808548	NA
chr20	28883410	29203956	4401	1155	2375	2378	0|0	0.91451748808548	NA
chr20	29202235	29261236	226	884	199	753	0|0	0.91451748808548	NA
chr20	29238539	29260980	150	393	120	321	0|0	0.91451748808548	NA
chr20	29261818	29944437	1849	9977	3791	6000	0|0	0.91451748808548	NA
chr20	29261818	29945176	1849	9977	3791	6000	0|0	0.91451748808548	NA
chr20	31106714	31189151	105	550	414	221	0|0	0.91451748808548	NA
chr21	6031220	6376886	414	84	152	180	0|0	0.91451748808548	NA
chr21	6031220	6376886	414	84	152	180	0|0	0.91451748808548	NA
chr21	6377134	12965967	14241	16678	10313	10540	0|0	0.91451748808548	NA
chr21	7222819	12965967	14205	16141	10189	10259	0|0	0.91451748808548	NA
chr22	1	11976820	5493	3405	5041	5658	0|0	0.91451748808548	NA
chr22	1	11976820	5493	3405	5041	5658	0|0	0.91451748808548	NA
chr22	1	16261882	12803	17390	17583	18578	0|0	0.91451748808548	NA
chr22	12275691	12438076	2454	1318	1995	2446	0|0	0.91451748808548	NA
chr22	12275691	15154596	3830	4185	4511	5037	0|0	0.91451748808548	NA
chr22	12527081	15154596	1170	2221	2061	2037	0|0	0.91451748808548	NA
chr22	18346109	18884851	356	162	306	307	0|0	0.91451748808548	NA
chr22	21111646	21335679	217	382	312	358	0|0	0.91451748808548	NA
chr22	21111646	21442937	309	583	495	518	0|0	0.91451748808548	NA
chr22	21381201	21564720	511	241	496	449	0|0	0.91451748808548	NA
chr3	195637092	195730317	354	1210	756	693	0|0	0.91451748808548	NA
chr4	1	59529	204	543	562	570	0|0	0.91451748808548	NA
chr4	49091252	49307862	401	1704	1503	1654	0|0	0.91451748808548	NA
chr4	49091252	49658046	1399	2479	2842	2895	0|0	0.91451748808548	NA
chr4	49096102	49307862	401	1704	1503	1654	0|0	0.91451748808548	NA
chr4	49308006	49324355	375	124	386	314	0|0	0.91451748808548	NA
chr4	49308387	49487948	382	128	396	333	0|0	0.91451748808548	NA
chr5	47104718	50145142	727	276	604	822	0|0	0.91451748808548	NA
chr5	47153509	49923021	711	244	583	792	0|0	0.91451748808548	NA
chr5	47153509	50110881	712	244	583	792	0|0	0.91451748808548	NA
chr5	64470818	64477398	105	30	107	58	0|0	0.91451748808548	NA
chr5	64470818	64477398	105	30	107	58	0|0	0.91451748808548	NA
chr5	179626715	179655088	237	58	161	177	0|0	0.91451748808548	NA
chr7	62067628	62284188	1877	430	1513	1308	0|0	0.91451748808548	NA
chr7	62384916	62454958	1510	624	1174	1265	0|0	0.91451748808548	NA
chr7	62408748	62514740	1181	242	787	817	0|0	0.91451748808548	NA
chr7	62410188	62507679	1174	229	773	809	0|0	0.91451748808548	NA
chr7	97432106	97462328	133	297	419	89	0|0	0.91451748808548	NA
chr8	7349000	7616730	326	559	297	386	0|0	0.91451748808548	NA
chr8	7785438	8192679	1643	1080	973	887	0|0	0.91451748808548	NA
chr8	12158092	12609061	1942	3066	1364	2258	0|0	0.91451748808548	NA
chr9	30952182	30960618	42	77	40	132	0|0	0.91451748808548	NA
chr9	39824193	40096221	387	86	270	264	0|0	0.91451748808548	NA
chr9	42306701	42418388	1171	727	1064	1253	0|0	0.91451748808548	NA
chr9	60850940	61463984	626	327	663	568	0|0	0.91451748808548	NA
chr9	61124743	61463984	617	262	612	512	0|0	0.91451748808548	NA
chr9	61808996	63423406	3182	2307	3851	3416	0|0	0.91451748808548	NA
chr9	61812406	62148576	640	228	681	513	0|0	0.91451748808548	NA
chr9	61827436	63370300	3158	2149	3728	3292	0|0	0.91451748808548	NA
chr9	62398294	64464457	8554	2833	7358	7201	0|0	0.91451748808548	NA
chr9	64993642	66611112	1334	5146	4282	4306	0|0	0.91451748808548	NA
chr9	65647336	67613540	1743	4898	3820	4251	0|0	0.91451748808548	NA
chr9	66129057	67758564	1432	4580	3381	3688	0|0	0.91451748808548	NA
chr9	66318635	66613146	90	216	88	267	0|0	0.91451748808548	NA
chr9	67375357	67784248	665	972	902	927	0|0	0.91451748808548	NA
chrX	102235773	102487632	179	148	471	218	0|0	0.91451748808548	NA
chrX	102235773	102487632	179	148	471	218	0|0	0.91451748808548	NA
chrX	102235773	102487632	179	148	471	218	0|0	0.91451748808548	NA
chrX	135718961	135888535	137	210	419	171	0|0	0.91451748808548	NA
chrX	141006109	141112447	129	233	438	255	0|0	0.91451748808548	NA
chrX	141490826	141601064	173	194	477	203	0|0	0.91451748808548	NA
chrX	141502707	141598381	168	175	462	165	0|0	0.91451748808548	NA
chrX	152771648	153293395	1665	4761	5779	5689	0|0	0.91451748808548	NA
chr13	40514887	40514915	18	11	17	14	0|0	0.914517488085479	NA
chr17	33037132	33037158	21	19	19	11	0|0	0.914517488085479	NA
chr18	53460056	53460076	24	12	18	17	0|0	0.914517488085479	NA
chr2	128059590	128059933	18	11	22	23	0|0	0.914517488085479	NA
chrX	155042070	155042090	19	11	23	28	0|0	0.914517488085477	NA
chr14	103649564	103649586	34	48	50	16	0|0	0.91451748808547	NA
chr17	71504152	71504171	23	24	27	12	0|0	0.914517488085469	NA
chr3	44697510	44700308	20	21	27	12	0|0	0.914517488085469	NA
chr21	1	5217674	331	65	117	189	0|0	0.914517488085467	NA
chr11	80002071	80002096	25	12	27	12	0|0	0.914517488085462	NA
chr7	71994513	71994535	27	12	17	13	0|0	0.914517488085456	NA
chr1	13053294	13226369	211	322	264	53	0|0	0.914517488085454	NA
chr8	6404164	6404187	28	12	18	12	0|0	0.914517488085431	NA
chr1	40591366	40591834	19	29	9	12	0|0	0.914517488085422	NA
chrX	51659196	51700382	61	200	300	59	0|0	0.914517488085402	NA
chr17	31926371	31926390	23	33	19	10	0|0	0.91451748808534	NA
chr10	102323238	102323262	18	10	12	17	0|0	0.914517488085338	NA
chr6	113416457	113416492	24	11	22	21	0|0	0.914517488085312	NA
chr2	68153339	68153373	24	11	34	27	0|0	0.914517488085311	NA
chr2	10399210	10399467	15	20	10	20	0|0	0.914517488085199	NA
chr7	70974127	75391275	13608	49033	19425	42582	0|0	0.914517488085064	NA
chr7	71994665	76433824	13604	44666	17450	40608	0|0	0.914517488085064	NA
chr7	122282948	122284902	19	18	10	22	0|0	0.914517488084372	NA
chr8	102458550	102458941	21	17	11	28	0|0	0.914517488084169	NA
chr1	54935981	54936005	20	12	17	9	0|0	0.914517488083623	NA
chr6	37034997	37035019	20	10	8	11	0|0	0.914517488083346	NA
chr16	70459219	70459251	22	10	22	18	0|0	0.914517488083262	NA
chr19	58596372	58617616	24	18	9	18	0|0	0.914517488081802	NA
chr1	41058120	41058142	23	16	9	18	0|0	0.914517488081801	NA
chr14	74268856	74268874	29	11	13	29	0|0	0.91451748808028	NA
chr14	21144186	21144205	19	20	31	11	0|0	0.914517488075282	NA
chr1	205718081	205718107	23	11	8	7	0|0	0.91451748807498	NA
chr1	20863379	20863402	22	10	7	7	0|0	0.914517488072846	NA
chr8	7570916	7768513	129	284	250	49	0|0	0.914517488072562	NA
chr20	25767497	25831263	123	73	25	113	0|0	0.91451748805813	NA
chr20	25767497	25831263	123	73	25	113	0|0	0.91451748805813	NA
chr1	171459394	171459417	21	12	7	10	0|0	0.91451748804503	NA
chr8	13188421	13188452	24	19	11	7	0|0	0.914517488005372	NA
chr11	36309797	36310003	16	8	15	20	0|0	0.914517487989772	NA
chr8	2235487	2448553	527	412	582	106	0|0	0.914517487883963	NA
chr7	102347067	102355008	29	10	19	26	0|0	0.914517487820212	NA
chr2	112352390	112353496	19	22	20	8	0|0	0.914517487349391	NA
chr10	50353216	50353781	23	13	22	8	0|0	0.914517485198573	NA
chr6	26623354	26623462	21	8	12	17	0|0	0.914517485169985	NA
chr3	15159620	15159643	21	12	17	7	0|0	0.914517483252724	NA
chr8	7913770	7940778	34	163	26	127	0|0	0.914517480462125	NA
chrX	70977179	70977204	14	10	18	7	0|0	0.914517478514728	NA
chr16	11866699	11866721	29	9	28	27	0|0	0.914517474558441	NA
chr16	81426469	81426496	29	9	35	24	0|0	0.914517474558441	NA
chr5	109510268	109510295	18	7	22	14	0|0	0.914517468943992	NA
chr3	155067201	155067222	18	7	9	18	0|0	0.914517468940312	NA
chr9	128280503	128280527	20	7	15	16	0|0	0.91451741301365	NA
chr15	25095570	25096275	22	11	5	4	0|0	0.914517310252725	NA
chr8	2235863	2448553	525	409	581	104	0|0	0.914517223477007	NA
chr21	40024798	40027124	17	6	9	16	0|0	0.914516995206014	NA
chr1	236273811	236273907	19	22	7	4	0|0	0.914516797474001	NA
chr7	23099915	23099950	24	7	14	16	0|0	0.914516333359042	NA
chr18	12145119	12150083	42	10	17	22	0|0	0.914515576272684	NA
chr18	12145119	12150083	42	10	17	22	0|0	0.914515576272684	NA
chr22	18346109	18542791	136	26	137	56	0|0	0.914510314050271	NA
chrX	152697642	152767289	172	207	616	109	0|0	0.91449881170828	NA
chr7	144199983	144293024	881	155	470	419	0|0	0.914471192409529	NA
chr7	144199983	144293024	881	155	470	419	0|0	0.914471192409529	NA
chr7	144199983	144293024	881	155	470	419	0|0	0.914471192409529	NA
chr22	18857585	18884851	67	13	19	49	0|0	0.914139491475313	NA
chr1	84929093	84929224	352	360	5	2	0|0	0.914059825401331	NA
chr8	6297672	6299936	30	4	7	17	1|1	0.91376322663741	NA
chr12	31409426	31409448	29	6	15	20	0|0	0.91272730691275	NA
chr10	88141067	88141248	62	52	0	8	0|1	0.911933249984387	NA
chr12	80461971	80465483	30	6	8	27	0|0	0.910978932318177	NA
chr8	8022126	8029350	173	29	31	105	1|1	0.855982433720937	NA
chr1	118222187	118222205	20	15	1	0	0|0	0.842498592144524	NA
chr1	121969774	122503328	2	1	1	0	0|0	0.833966198337021	NA
chr1	121969774	122503555	2	1	1	0	0|0	0.833966198337021	NA
chr1	121969774	122503555	2	1	1	0	0|0	0.833966198337021	NA
chr8	7604967	7768513	114	266	232	40	0|0	0.795159575890944	NA
chrX	135718961	135753675	118	94	323	55	1|0	0.791697528866235	NA
chr3	162827491	162829789	43	0	33	5	1|1	0.70968399197823	NA
chr15	21914373	21939937	46	8	39	5	1|0	0.708605800772507	NA
chr5	69997757	70131918	22	3	12	23	1|1	0.698685311045597	NA
chr3	162827292	162829850	43	0	35	5	1|1	0.678801791038353	NA
chr12	34772119	34817257	6	0	1	11	1|1	0.667547752807113	NA
chr12	34772119	34818447	31	0	5	59	1|1	0.666666667055771	NA
chr21	5083497	5216410	212	11	16	134	1|1	0.666666666666987	NA
chr2	110069978	110298758	1309	45	1501	157	1|1	0.66666666666667	NA
chr2	110069978	110329460	1358	69	1527	232	1|1	0.66666666666667	NA
chr20	29961740	30271177	1264	169	1058	122	1|1	0.66666666666667	NA
chr2	110095751	110230341	1119	22	1364	26	1|1	0.666666666666667	NA
chr21	5098571	5216410	168	5	10	108	1|1	0.666666666666667	NA
chr8	8079210	8118665	123	7	97	2	1|1	0.666666666666667	NA
chr9	39824906	39842739	127	7	5	117	1|1	0.666666666666667	NA
chr20	29892118	30273170	1622	277	1281	171	1|1	0.666666662676792	NA
chr15	20788830	20795307	27	0	40	2	1|1	0.666666661143173	NA
chr20	29893322	29934700	259	43	167	13	1|1	0.666340557606732	NA
chrX	102242851	102392794	114	75	326	56	0|0	0.585002448077082	NA
chr1	152578672	152623485	6	607	321	80	0|0	1	NA
chr11	55126444	55134508	3	155	29	108	0|0	1	NA
chr11	93948492	93956122	1	168	99	32	0|0	1	NA
chr12	83225970	83238400	3	167	101	28	0|0	1	NA
chr13	112280816	112312060	15	405	82	289	0|0	1	NA
chr15	45876549	45883456	1	60	35	32	0|0	1	NA
chr16	32047185	34596269	1255	9540	8603	6945	0|0	1	NA
chr16	34060446	34084944	14	235	173	174	0|0	1	NA
chr18	21052769	21060864	0	125	59	51	0|0	1	NA
chr19	38739707	38751274	0	152	87	105	0|0	1	NA
chr20	26311034	26316962	0	78	77	27	0|0	1	NA
chr20	31098336	31244438	254	1665	939	689	0|0	1	NA
chr20	31100618	31241281	245	1639	935	671	0|0	1	NA
chr21	5216450	20018049	17662	133223	50611	50785	0|0	1	NA
chr4	9240725	9253062	1	175	54	223	0|0	1	NA
chr4	9240725	9270387	1	194	65	229	0|0	1	NA
chr4	70944923	70957284	1	84	55	64	0|0	1	NA
chr6	72151696	72167549	2	185	31	124	0|0	1	NA
chr7	109794110	109826718	3	390	94	281	0|0	1	NA
chr7	158147105	158154700	6	129	40	66	0|0	1	NA
chr8	7168696	7208265	11	283	168	40	0|0	1	NA
chr8	12116958	13187205	2305	15740	6234	7013	0|0	1	NA
chr9	24491607	24519051	3	259	280	65	0|0	1	NA
chrX	56631781	56653336	0	187	74	255	0|0	1	NA
chr4	93178378	93183816	0	43	25	37	0|0	0.999999999999992	NA
chr2	31815864	31827213	2	54	41	41	0|0	0.999999999999988	NA
chr11	55260539	55271109	0	139	26	112	0|0	0.999999999999957	NA
chr7	56365138	56375551	1	41	31	12	0|0	0.999999999998346	NA
chr7	88456559	88460515	1	53	45	13	0|0	0.999999999991632	NA
chr22	23928489	23964365	22	158	53	255	0|0	0.999999999977689	NA
chr13	51737354	51745856	0	31	13	9	0|0	0.999999999970444	NA
chr11	3463693	3474386	3	138	154	31	0|0	0.999999999658648	NA
chr20	26317165	26323747	1	114	20	91	0|0	0.999999999582581	NA
chr2	94148307	94153233	0	30	9	28	0|0	0.999999999431058	NA
chr14	88287527	88289384	2	40	36	10	0|0	0.999999997467761	NA
chr2	77992122	77996854	0	23	10	31	0|0	0.999999992933652	NA
chr17	66798099	66801252	3	37	11	19	0|0	0.999999935072909	NA
chr12	34834089	34841975	0	19	11	6	0|0	0.999999891893425	NA
chr4	93169467	93178252	0	17	9	4	0|0	0.999999173591256	NA
chr6	156619173	156620646	1	63	33	7	0|0	0.999959638880971	NA
chr13	30389115	30391007	2	21	20	10	0|0	0.999928786930161	NA
chr11	105190844	105193222	1	42	34	7	0|0	0.999920207526897	NA
chr22	17289995	17300419	6	110	92	17	0|0	0.999890908784642	NA
chr16	19931280	19958313	1	249	302	53	0|0	0.999254330614688	NA
chr2	186802911	186804272	0	16	33	6	0|0	0.998108064606613	NA
chr1	85616794	85618801	0	51	32	5	0|0	0.984033010344509	NA
chr11	110749608	110751934	2	42	37	5	0|0	0.977483334171978	NA
chr1	2657068	2675641	0	11	15	1	0|0	0.977276928617721	NA
chr1	2657068	2675641	0	11	15	1	0|0	0.977276928617721	NA
chr4	166580023	166581104	0	40	4	34	0|0	0.977214406410901	NA
chr9	6481965	6484547	0	33	4	35	0|0	0.977190173623372	NA
chr8	3928485	3935151	0	68	48	6	0|0	0.977174346544289	NA
chr9	135321394	135325630	0	53	5	46	0|0	0.977166091091176	NA
chr2	94140849	94146860	0	23	58	7	0|0	0.977165881318629	NA
chr1	2746330	2761105	1	90	3	45	0|0	0.977165403512083	NA
chr12	73400877	73431921	1	249	32	214	0|0	0.977165403110046	NA
chr11	82145224	82153043	1	45	59	5	0|0	0.977165403083292	NA
chr12	33230519	33245080	3	128	14	114	0|0	0.977165402998639	NA
chr6	29875825	29883058	0	69	63	5	0|0	0.977165402994223	NA
chr12	37709995	37721026	6	150	13	112	0|0	0.977165402988832	NA
chr11	28985884	28991421	0	37	1	42	0|0	0.977165402988646	NA
chr12	33141196	33154664	2	151	11	105	0|0	0.977165402988055	NA
chr9	42420796	42728798	80	1111	1447	127	0|0	0.977165402988034	NA
chr7	34632375	34637315	2	55	2	54	0|0	0.977165402988027	NA
chr11	55179455	55215430	3	490	39	318	0|0	0.97716540298802	NA
chr20	31166845	31183727	30	280	241	32	0|0	0.97716540298802	NA
chr20	31167621	31183561	26	259	230	23	0|0	0.97716540298802	NA
chr9	61518857	61649656	36	1004	70	1242	0|0	0.97716540298802	NA
chr9	61518857	61649656	36	1004	70	1242	0|0	0.97716540298802	NA
chr11	81933269	81983751	5	381	11	337	0|0	0.977165402988016	NA
chr2	52520505	52559090	3	322	21	332	0|0	0.977165402988016	NA
chr20	54030587	54043105	1	143	109	10	0|0	0.977165402988016	NA
chr21	44109044	44177691	7	197	15	144	0|0	0.977165402988016	NA
chr22	15418005	15434876	4	135	128	4	0|0	0.977165402988016	NA
chr3	90668326	90720305	19	490	16	458	0|0	0.977165402988016	NA
chr3	90668453	90795417	19	491	16	456	0|0	0.977165402988016	NA
chr3	162829991	162907978	7	539	22	425	0|0	0.977165402988016	NA
chr4	9156832	9210373	8	414	657	18	0|0	0.977165402988016	NA
chr4	9257364	9362689	3	111	169	8	0|0	0.977165402988016	NA
chr4	9455763	9480247	2	205	334	13	0|0	0.977165402988016	NA
chr5	180948487	181002893	5	445	14	542	0|0	0.977165402988016	NA
chr6	29883863	29941806	8	572	23	599	0|0	0.977165402988016	NA
chr7	38348448	38356920	2	72	4	74	0|0	0.977165402988016	NA
chr7	109794257	109813549	3	232	16	186	0|0	0.977165402988016	NA
chrX	56633192	56646073	0	99	12	165	0|0	0.977165402988016	NA
chr1	112149292	112163196	2	124	81	3	0|0	0.977165402988015	NA
chr1	152583179	152615320	5	357	242	1	0|0	0.977165402988015	NA
chr10	67784891	67795736	1	92	0	90	0|0	0.977165402988015	NA
chr10	67784891	67797194	1	97	4	100	0|0	0.977165402988015	NA
chr11	55184515	55215096	3	370	1	266	0|0	0.977165402988015	NA
chr11	81933140	81981117	3	349	4	325	0|0	0.977165402988015	NA
chr11	81933269	81980847	3	347	3	321	0|0	0.977165402988015	NA
chr11	113843191	113861679	3	160	144	1	0|0	0.977165402988015	NA
chr12	73399265	73424688	2	196	3	158	0|0	0.977165402988015	NA
chr13	37497370	37512267	1	71	115	3	0|0	0.977165402988015	NA
chr13	37497370	37512267	1	71	115	3	0|0	0.977165402988015	NA
chr14	35136225	35145298	0	57	58	0	0|0	0.977165402988015	NA
chr14	40141442	40148114	0	67	1	63	0|0	0.977165402988015	NA
chr18	66057277	66064956	3	67	92	0	0|0	0.977165402988015	NA
chr2	52522516	52557290	3	272	6	299	0|0	0.977165402988015	NA
chr4	4120654	4151114	6	237	5	388	0|0	0.977165402988015	NA
chr4	4120800	4151114	6	233	5	387	0|0	0.977165402988015	NA
chr4	9271604	9362689	3	92	158	2	0|0	0.977165402988015	NA
chr4	9455763	9479546	2	194	325	5	0|0	0.977165402988015	NA
chr4	9455979	9479698	2	192	323	5	0|0	0.977165402988015	NA
chr4	10209788	10232656	1	290	4	454	0|0	0.977165402988015	NA
chr4	10209788	10233053	1	295	5	460	0|0	0.977165402988015	NA
chr4	63828373	63847772	2	123	1	180	0|0	0.977165402988015	NA
chr4	63828373	63850364	2	123	2	182	0|0	0.977165402988015	NA
chr6	73904405	73910803	0	114	100	2	0|0	0.977165402988015	NA
chr5	17600207	17628780	12	256	3	312	0|0	0.977165402988015	NA
chr5	180948387	181001673	5	443	13	533	0|0	0.977165402988015	NA
chrX	82726812	82733148	1	87	5	105	0|0	0.977165402988015	NA
chr11	113840819	113862471	3	202	176	19	0|0	0.977165402988013	NA
chr20	29519949	29586615	27	690	32	553	0|0	0.977165402988013	NA
chr21	44094700	44184285	8	234	18	153	0|0	0.977165402988013	NA
chr5	687814	779168	16	605	32	682	0|0	0.977165402988013	NA
chr5	17600207	17631732	12	278	20	334	0|0	0.977165402988013	NA
chr1	25266308	25335770	62	542	360	30	0|0	0.977165402988006	NA
chr20	29419299	29495471	74	767	75	662	0|0	0.977165402988006	NA
chr3	162793724	162907978	51	673	64	517	0|0	0.977165402988006	NA
chr9	42420796	42728653	80	1106	1445	126	0|0	0.977165402988006	NA
chr4	114254331	114262843	3	58	74	0	0|0	0.977165402987943	NA
chr10	49795318	49803044	3	57	0	41	0|0	0.977165402987932	NA
chr12	81711257	81715593	0	40	49	1	0|0	0.977165402987908	NA
chr13	52524378	52538027	5	60	75	2	0|0	0.977165402939803	NA
chr10	59602242	59605320	1	34	34	0	0|0	0.977165402624927	NA
chr22	23984423	23990793	2	34	1	43	0|0	0.977165384103269	NA
chr2	214863728	214865978	0	17	4	42	0|0	0.977164805436672	NA
chr4	189669177	189704089	0	8	1	19	0|0	0.976798876111781	NA
chr3	91553425	93715059	2	18	0	19	0|0	0.976109598727375	NA
