chr	start	end	CC_counts_W	CC_counts_C	WC_counts_W	WC_counts_C	genotype	probability	low_read_density
chr1	149844292	149855800	30	35	84	1	1|0	1	NA
chr1	248503364	248543369	43	60	7	110	0|1	1	NA
chr10	55007526	55013563	11	31	0	41	0|1	0.999999999564919	NA
chr11	4233305	4285568	67	55	9	114	0|1	1	NA
chr13	18171404	18408694	628	594	1888	77	1|0	1	NA
chr14	19185442	19240926	349	189	20	509	0|1	1	NA
chr15	82344935	82453182	185	187	316	6	1|0	1	NA
chr15	84210986	84426776	229	272	356	34	1|0	1	NA
chr16	16235688	18731328	10259	11296	12840	687	1|0	1	NA
chr16	28339079	28644714	1165	1152	78	1347	0|1	1	NA
chr16	32787047	33586558	864	863	72	981	0|1	1	NA
chr17	18425760	18561051	315	507	27	532	0|1	1	NA
chr2	88860998	88904399	20	72	3	78	0|1	0.999999999999929	NA
chr2	91836309	92012914	1013	1102	160	1744	0|1	1	NA
chr22	12065904	12181511	399	105	56	371	0|1	0.999999999796358	NA
chr22	23931797	23960891	22	100	80	0	1|0	0.999999995769869	NA
chr4	87924058	87937535	54	95	113	4	1|0	1	NA
chr4	187950238	187954913	32	29	0	35	0|1	0.99999999928068	NA
chr6	76108871	76159264	259	252	4	647	0|1	1	NA
chr7	62408750	62454601	260	321	52	543	0|1	1	NA
chr7	63365669	63405236	68	71	134	3	1|0	1	NA
chr7	65536730	65630350	273	267	70	503	0|1	1	NA
chr8	2338673	2441228	172	244	20	328	0|1	1	NA
chr8	8129404	12608295	23994	24484	42126	2868	1|0	1	NA
chr9	87913699	88141469	1174	1136	109	2118	0|1	1	NA
chr9	123979051	123993726	85	70	6	186	0|1	1	NA
chrX	94829	249800	90	109	241	17	1|0	1	NA
chrX	52038080	52213115	495	526	1279	22	1|0	1	NA
chrX	52879830	52975639	63	128	32	206	0|1	0.999386084396493	NA
chrX	63181217	63208812	46	30	92	2	1|0	1	NA
chrX	102337980	102386234	61	59	133	6	1|0	1	NA
chrX	103986601	104062894	351	365	32	835	0|1	1	NA
chrX	106270949	106288179	52	45	2	140	0|1	1	NA
chrX	152720940	152744624	132	133	5	236	0|1	1	NA
chrX	154337676	154394359	261	282	6	563	0|1	1	NA
chr1	13070572	13156309	172	0	83	109	1|1	1	NA
chr1	13225176	13235377	28	1	18	13	1|1	0.999997488881085	NA
chr1	26641116	26646660	45	0	20	24	1|1	0.999999999999628	NA
chr1	108310513	108459587	593	20	434	415	1|1	1	NA
chr1	120236793	120578733	1049	89	831	814	1|1	1	NA
chr1	144167049	144693513	679	20	473	452	1|1	1	NA
chr1	146309153	149313236	17934	724	12531	12731	1|1	1	NA
chr10	91443353	91446251	37	1	11	16	1|1	0.999999994708337	NA
chr11	311478	319318	80	4	46	42	1|1	1	NA
chr11	1894097	1915875	236	9	119	131	1|1	1	NA
chr11	49714655	49728589	128	0	48	59	1|1	1	NA
chr11	50132877	50360806	2263	26	1156	1082	1|1	1	NA
chr11	62095303	62101395	29	1	11	10	1|1	0.999998733795583	NA
chr12	17770798	17858431	812	8	333	352	1|1	1	NA
chr12	34816800	34818565	31	0	7	15	1|1	0.999999993218144	NA
chr12	80452141	80454292	22	0	7	3	1|1	0.999925789375615	NA
chr12	86846234	86859296	83	1	31	34	1|1	1	NA
chr15	72662325	72666131	52	4	18	31	1|1	0.999999961423463	NA
chr16	1231417	1253145	112	13	44	37	1|1	0.999999999482327	NA
chr16	14806736	15311665	2657	127	871	848	1|1	1	NA
chr16	21505813	22540173	8864	1028	3150	3087	1|1	1	NA
chr16	34599704	38280117	19315	446	6316	6122	1|1	1	NA
chr16	75206041	75222884	200	6	70	66	1|1	1	NA
chr16	85155136	85156102	21	0	3	3	1|1	0.999985642020522	NA
chr17	43233334	43322745	241	12	101	94	1|1	1	NA
chr18	12144729	12150238	39	3	23	12	1|1	0.99999523945948	NA
chr18	20561713	20838568	478	5	228	286	1|1	1	NA
chr19	38773609	38791412	159	7	85	70	1|1	1	NA
chr2	110069761	110276363	1682	31	768	828	1|1	1	NA
chr20	28496083	28507916	41	0	20	14	1|1	0.999999999994249	NA
chr20	29889855	30424993	3626	339	1692	1641	1|1	1	NA
chr21	1	5161093	197	4	58	112	1|1	1	low read density: check for inaccurate inversion coordinates
chr21	6038596	6362606	167	1	59	73	1|1	1	low read density: check for inaccurate inversion coordinates
chr21	40024041	40038183	115	9	32	54	1|1	1	NA
chr22	18853204	18873248	57	7	30	27	1|1	0.999735410113045	NA
chr22	21441145	21523761	403	58	167	173	1|1	1	NA
chr3	52859504	52859534	18	1	6	11	1|1	0.99764263245179	NA
chr3	187418572	187424670	49	0	16	25	1|1	0.999999999999976	NA
chr5	49609874	49646515	148	2	117	124	1|1	1	NA
chr5	64470803	64477819	67	1	50	58	1|1	1	NA
chr5	179637006	179656672	171	3	88	82	1|1	1	NA
chr5	181098918	181100876	28	1	11	6	1|1	0.99999748361452	NA
chr6	26710835	26746474	81	0	60	61	1|1	1	NA
chr7	54223416	54311359	750	9	428	401	1|1	1	NA
chr7	62026859	62385924	2054	269	1351	1273	1|1	1	NA
chr7	65141396	65627814	3254	323	1752	2099	1|1	1	NA
chr7	70961290	70973722	205	1	104	112	1|1	1	NA
chr7	107419636	107421467	19	0	4	5	1|1	0.999979658483551	NA
chr8	8069848	8126721	143	2	51	76	1|1	1	NA
chr9	39604134	39618995	54	7	27	22	1|1	0.99794012412738	NA
chr9	42632148	42662224	76	6	43	31	1|1	0.999999999990038	NA
chr9	60518571	61430475	814	81	581	602	1|1	1	NA
chr9	61835933	62273791	623	56	489	312	1|1	1	NA
chr9	63423043	64133849	3609	328	2327	2418	1|1	1	NA
chr9	66352223	66390852	94	9	58	32	1|1	0.999999999990688	NA
chrX	51693664	51700304	73	3	64	77	1|1	1	NA
chrX	52488665	52510729	128	2	72	59	1|1	1	NA
chrX	101602234	101611679	85	0	65	57	1|1	1	NA
chrX	115726533	115729825	30	0	12	15	1|1	0.999999989266455	NA
chrX	149668972	149732019	585	35	283	316	1|1	1	NA
chrX	152760120	152780919	45	5	32	13	1|1	0.999723215570585	NA
chr3	47807711	47815756	2	11	6	7	0|0	0.945527124177379	NA
chr13	1	17442263	0	0	2	1	0|0	0.925359523962303	NA
chr13	1	17642508	0	0	2	1	0|0	0.925359523962303	NA
chr13	1	17871069	0	0	2	1	0|0	0.925359523962303	NA
chr21	8582522	8675636	78	12	11	49	1|1	0.89967462259502	NA
chr12	47003518	47012478	27	155	57	90	0|0	0.896949829871197	NA
chr2	88853042	88904399	20	109	24	92	0|0	0.894302132046138	NA
chr5	46434157	46589286	6	16	11	25	0|0	0.894143434572921	NA
chr1	108464858	108468167	7	18	19	18	0|0	0.894143206072269	NA
chr2	202364138	202366819	13	53	45	18	0|0	0.89414319923284	NA
chr5	138671103	138672129	7	16	15	22	0|0	0.894143194007536	NA
chr6	158744685	158749413	15	61	48	79	0|0	0.894143190525687	NA
chr2	68152723	68153375	9	20	34	20	0|0	0.894143189912126	NA
chr20	17574856	17576362	11	31	34	36	0|0	0.894143189903629	NA
chr7	74129764	74132406	17	62	55	64	0|0	0.894143189894496	NA
chr5	172026160	172027997	12	31	28	36	0|0	0.894143189894302	NA
chr2	200883651	200888077	14	42	36	24	0|0	0.894143189894227	NA
chr1	145237253	149818634	18191	8029	17431	17630	0|0	0.894143189894181	NA
chr13	17682527	18531923	919	1170	2603	801	0|0	0.894143189894181	NA
chr14	1	20068528	2775	7516	4711	6215	0|0	0.894143189894181	NA
chr15	19698773	23358291	4955	11743	7086	7289	0|0	0.894143189894181	NA
chr15	20058402	23163748	4576	9208	5884	6092	0|0	0.894143189894181	NA
chr16	32787047	34085011	972	3931	1054	1956	0|0	0.894143189894181	NA
chr17	21400108	21987202	1154	5572	2130	2285	0|0	0.894143189894181	NA
chr2	89049414	90269843	1616	5409	2982	3085	0|0	0.894143189894181	NA
chr2	91406161	92050983	2381	4389	2208	3748	0|0	0.894143189894181	NA
chr2	91406161	92052272	2382	4390	2210	3753	0|0	0.894143189894181	NA
chr20	28557085	29204876	5455	1479	2916	2909	0|0	0.894143189894181	NA
chr20	28557085	29204876	5455	1479	2916	2909	0|0	0.894143189894181	NA
chr20	28557085	29204876	5455	1479	2916	2909	0|0	0.894143189894181	NA
chrX	8155958	8157537	14	39	29	33	0|0	0.894143189894154	NA
chr1	1	531229	414	421	524	458	0|0	0.894143189894143	NA
chr1	9745763	9747853	27	29	28	35	0|0	0.894143189894143	NA
chr1	9823000	9829508	46	116	89	66	0|0	0.894143189894143	NA
chr1	11036515	11036552	22	21	21	29	0|0	0.894143189894143	NA
chr1	12884286	13068851	161	419	358	336	0|0	0.894143189894143	NA
chr1	13159463	13252903	63	37	50	96	0|0	0.894143189894143	NA
chr1	16548789	16949043	1978	1750	2252	2281	0|0	0.894143189894143	NA
chr1	16561044	16949043	1961	1719	2218	2237	0|0	0.894143189894143	NA
chr1	16682880	16853018	1018	577	934	941	0|0	0.894143189894143	NA
chr1	19346453	19346482	30	22	14	14	0|0	0.894143189894143	NA
chr1	22215268	22215296	41	51	42	51	0|0	0.894143189894143	NA
chr1	24729396	24733811	56	95	96	70	0|0	0.894143189894143	NA
chr1	24733717	24733812	56	54	70	52	0|0	0.894143189894143	NA
chr1	26641117	26656338	51	55	53	69	0|0	0.894143189894143	NA
chr1	35447232	35447255	21	22	26	16	0|0	0.894143189894143	NA
chr1	35628579	35628600	25	27	29	46	0|0	0.894143189894143	NA
chr1	36510993	36511026	32	45	41	42	0|0	0.894143189894143	NA
chr1	37701669	37701688	41	33	46	34	0|0	0.894143189894143	NA
chr1	42248487	42248553	19	25	23	25	0|0	0.894143189894143	NA
chr1	52291044	52292308	40	59	65	41	0|0	0.894143189894143	NA
chr1	52292284	52292308	40	45	57	40	0|0	0.894143189894143	NA
chr1	60865012	60865044	22	13	27	14	0|0	0.894143189894143	NA
chr1	77791238	77791275	40	34	31	31	0|0	0.894143189894143	NA
chr1	93541504	93542655	43	51	39	57	0|0	0.894143189894143	NA
chr1	93542443	93542471	43	45	33	56	0|0	0.894143189894143	NA
chr1	103594219	103755261	126	210	219	243	0|0	0.894143189894143	NA
chr1	103620510	103681383	34	56	55	66	0|0	0.894143189894143	NA
chr1	103627564	103755261	107	97	135	136	0|0	0.894143189894143	NA
chr1	105013524	105013564	21	16	14	19	0|0	0.894143189894143	NA
chr1	112680658	112680679	20	21	30	41	0|0	0.894143189894143	NA
chr1	113073274	113082774	31	89	83	66	0|0	0.894143189894143	NA
chr1	120195810	120202716	24	20	28	24	0|0	0.894143189894143	NA
chr1	144063798	144163651	16	32	35	36	0|0	0.894143189894143	NA
chr1	148607810	148924415	218	153	204	295	0|0	0.894143189894143	NA
chr1	149820257	149875827	51	59	99	39	0|0	0.894143189894143	NA
chr1	150176246	150177238	30	45	42	35	0|0	0.894143189894143	NA
chr1	154124303	154127137	29	67	46	30	0|0	0.894143189894143	NA
chr1	154127037	154127134	29	46	35	28	0|0	0.894143189894143	NA
chr1	154390108	154390131	20	16	19	17	0|0	0.894143189894143	NA
chr1	167470505	167470536	26	18	17	14	0|0	0.894143189894143	NA
chr1	173936516	173936544	23	39	19	47	0|0	0.894143189894143	NA
chr1	177691044	177691066	19	21	18	19	0|0	0.894143189894143	NA
chr1	204114286	204115514	63	65	97	60	0|0	0.894143189894143	NA
chr1	231100944	231100969	34	47	23	35	0|0	0.894143189894143	NA
chr1	241772330	241772350	29	53	25	63	0|0	0.894143189894143	NA
chr1	248931608	248956422	35	70	72	53	0|0	0.894143189894143	NA
chr1	248945291	248956422	31	25	34	25	0|0	0.894143189894143	NA
chr10	3748381	3748408	23	50	27	60	0|0	0.894143189894143	NA
chr10	11058071	11058091	22	22	24	25	0|0	0.894143189894143	NA
chr10	12804789	12804970	22	22	16	24	0|0	0.894143189894143	NA
chr10	13402982	13403004	27	35	35	38	0|0	0.894143189894143	NA
chr10	28353271	28353301	34	35	41	51	0|0	0.894143189894143	NA
chr10	28709871	28711773	21	38	31	18	0|0	0.894143189894143	NA
chr10	28923999	28924029	24	13	32	16	0|0	0.894143189894143	NA
chr10	29762456	29776783	89	171	167	128	0|0	0.894143189894143	NA
chr10	32224875	32224910	45	36	36	38	0|0	0.894143189894143	NA
chr10	34914141	34914181	21	27	31	19	0|0	0.894143189894143	NA
chr10	35303779	35303810	50	39	48	38	0|0	0.894143189894143	NA
chr10	35303779	35312415	58	142	108	88	0|0	0.894143189894143	NA
chr10	38896659	38920462	54	67	62	75	0|0	0.894143189894143	NA
chr10	41843516	41850449	55	115	113	70	0|0	0.894143189894143	NA
chr10	41843516	41903863	55	115	113	70	0|0	0.894143189894143	NA
chr10	41843516	41915448	55	115	113	70	0|0	0.894143189894143	NA
chr10	45874282	45874486	59	47	64	49	0|0	0.894143189894143	NA
chr10	46418418	46427705	26	58	44	51	0|0	0.894143189894143	NA
chr10	46450843	46561442	259	339	362	365	0|0	0.894143189894143	NA
chr10	46656760	46739417	58	44	62	48	0|0	0.894143189894143	NA
chr10	46656760	46777930	102	259	188	168	0|0	0.894143189894143	NA
chr10	46680747	46739417	54	33	42	39	0|0	0.894143189894143	NA
chr10	46886132	46911405	77	115	137	81	0|0	0.894143189894143	NA
chr10	46886132	46990264	107	281	235	184	0|0	0.894143189894143	NA
chr10	47604170	47679538	191	189	210	234	0|0	0.894143189894143	NA
chr10	47604170	47679916	193	191	212	235	0|0	0.894143189894143	NA
chr10	47606685	47896332	258	589	457	473	0|0	0.894143189894143	NA
chr10	58400201	58400399	77	64	88	68	0|0	0.894143189894143	NA
chr10	72434636	72441578	43	113	117	84	0|0	0.894143189894143	NA
chr10	72441546	72441578	41	40	65	43	0|0	0.894143189894143	NA
chr10	72441604	72442266	41	46	66	45	0|0	0.894143189894143	NA
chr10	73844756	73845604	20	33	36	43	0|0	0.894143189894143	NA
chr10	87238118	87294385	63	157	100	119	0|0	0.894143189894143	NA
chr10	87430772	87490347	64	164	92	109	0|0	0.894143189894143	NA
chr10	87439344	87470499	53	68	56	50	0|0	0.894143189894143	NA
chr10	92280505	92280681	31	47	28	49	0|0	0.894143189894143	NA
chr10	93292127	93292150	19	24	23	17	0|0	0.894143189894143	NA
chr10	99773118	99773654	19	23	18	13	0|0	0.894143189894143	NA
chr10	102079077	102079110	44	61	40	48	0|0	0.894143189894143	NA
chr10	106725934	106725958	28	32	19	38	0|0	0.894143189894143	NA
chr10	109974557	109974590	43	44	44	44	0|0	0.894143189894143	NA
chr10	114232303	114232326	34	20	40	34	0|0	0.894143189894143	NA
chr10	116612517	116612545	24	15	27	21	0|0	0.894143189894143	NA
chr10	125086241	125086643	25	22	37	31	0|0	0.894143189894143	NA
chr10	125850128	125850154	30	15	37	14	0|0	0.894143189894143	NA
chr10	133657224	133797422	80	193	194	137	0|0	0.894143189894143	NA
chr10	133687478	133797422	66	133	138	94	0|0	0.894143189894143	NA
chr10	133688682	133797422	66	133	138	94	0|0	0.894143189894143	NA
chr11	308136	321251	85	69	80	71	0|0	0.894143189894143	NA
chr11	49700176	49733278	130	173	124	139	0|0	0.894143189894143	NA
chr11	65149213	65149242	26	15	15	20	0|0	0.894143189894143	NA
chr11	67115007	67115495	32	42	47	39	0|0	0.894143189894143	NA
chr11	70493367	70493401	26	13	16	13	0|0	0.894143189894143	NA
chr11	80002001	80002089	17	13	24	17	0|0	0.894143189894143	NA
chr11	100733758	100733858	23	54	45	37	0|0	0.894143189894143	NA
chr11	107570779	107570801	28	61	63	40	0|0	0.894143189894143	NA
chr11	125414745	125414763	19	29	27	33	0|0	0.894143189894143	NA
chr11	125414979	125415814	19	36	28	40	0|0	0.894143189894143	NA
chr12	1	44259	65	52	52	44	0|0	0.894143189894143	NA
chr12	19485710	19485735	19	20	10	11	0|0	0.894143189894143	NA
chr12	20709887	20709927	29	23	29	22	0|0	0.894143189894143	NA
chr12	22586522	22588055	28	38	39	26	0|0	0.894143189894143	NA
chr12	25015088	25015658	20	21	11	16	0|0	0.894143189894143	NA
chr12	31395944	31395965	39	44	29	48	0|0	0.894143189894143	NA
chr12	34769825	37185129	32	54	21	29	0|0	0.894143189894143	NA
chr12	47003296	47003323	27	54	33	47	0|0	0.894143189894143	NA
chr12	50920529	50923039	43	50	43	32	0|0	0.894143189894143	NA
chr12	50923014	50923038	43	32	37	29	0|0	0.894143189894143	NA
chr12	50923014	50925561	45	57	51	40	0|0	0.894143189894143	NA
chr12	56068549	56068583	27	22	28	29	0|0	0.894143189894143	NA
chr12	56284247	56284343	35	35	25	29	0|0	0.894143189894143	NA
chr12	68883936	68884136	21	15	13	19	0|0	0.894143189894143	NA
chr12	80449694	80467804	43	99	60	57	0|0	0.894143189894143	NA
chr12	89373687	89373708	31	30	34	29	0|0	0.894143189894143	NA
chr12	92124160	92128345	42	68	35	61	0|0	0.894143189894143	NA
chr12	94145247	94145277	31	21	27	23	0|0	0.894143189894143	NA
chr12	98619874	98619897	31	38	17	24	0|0	0.894143189894143	NA
chr12	98647251	98647278	24	23	21	19	0|0	0.894143189894143	NA
chr12	104256777	104256801	60	72	54	35	0|0	0.894143189894143	NA
chr12	104256777	104256801	60	72	54	35	0|0	0.894143189894143	NA
chr12	131295091	131312764	86	89	81	108	0|0	0.894143189894143	NA
chr12	131645695	131663676	62	53	46	57	0|0	0.894143189894143	NA
chr12	131645695	131663676	62	53	46	57	0|0	0.894143189894143	NA
chr12	133139266	133140234	58	52	35	57	0|0	0.894143189894143	NA
chr13	40514891	40514994	30	26	14	18	0|0	0.894143189894143	NA
chr13	43183828	43183855	18	21	11	13	0|0	0.894143189894143	NA
chr13	45272421	45272452	22	19	22	13	0|0	0.894143189894143	NA
chr13	106976239	106976258	27	30	25	33	0|0	0.894143189894143	NA
chr13	108543645	108543670	29	42	28	31	0|0	0.894143189894143	NA
chr13	113301623	113301648	73	71	87	64	0|0	0.894143189894143	NA
chr14	1	16114612	32	129	76	66	0|0	0.894143189894143	NA
chr14	16096254	16114612	18	21	25	24	0|0	0.894143189894143	NA
chr14	16137801	18223628	49	107	73	91	0|0	0.894143189894143	NA
chr14	18605496	18624596	35	89	95	40	0|0	0.894143189894143	NA
chr14	18876455	19004074	199	167	249	107	0|0	0.894143189894143	NA
chr14	18933218	18987712	125	50	88	54	0|0	0.894143189894143	NA
chr14	19084141	19105591	74	88	115	61	0|0	0.894143189894143	NA
chr14	20071654	20071704	21	19	29	19	0|0	0.894143189894143	NA
chr14	22939685	22944980	31	55	23	38	0|0	0.894143189894143	NA
chr14	39146548	39146576	19	29	31	22	0|0	0.894143189894143	NA
chr14	52491012	52496181	23	66	55	37	0|0	0.894143189894143	NA
chr14	54923742	54923768	42	21	20	25	0|0	0.894143189894143	NA
chr14	62800928	62801395	19	13	16	33	0|0	0.894143189894143	NA
chr14	73534377	73534393	28	13	22	21	0|0	0.894143189894143	NA
chr14	73534377	73564314	72	182	174	94	0|0	0.894143189894143	NA
chr14	73564296	73564314	43	28	29	37	0|0	0.894143189894143	NA
chr14	74268851	74269212	22	15	20	19	0|0	0.894143189894143	NA
chr14	74310399	74310425	44	25	44	51	0|0	0.894143189894143	NA
chr14	75433200	75433225	22	56	35	33	0|0	0.894143189894143	NA
chr14	75433367	75434514	22	67	41	43	0|0	0.894143189894143	NA
chr14	76798948	76798972	53	48	49	54	0|0	0.894143189894143	NA
chr14	76798948	76798972	53	48	49	54	0|0	0.894143189894143	NA
chr14	77805205	77805232	31	92	80	56	0|0	0.894143189894143	NA
chr14	91135650	91135682	19	53	32	46	0|0	0.894143189894143	NA
chr14	100365581	100365610	43	28	39	41	0|0	0.894143189894143	NA
chr15	17025174	17504167	359	780	334	557	0|0	0.894143189894143	NA
chr15	20058158	21638333	3965	3077	2730	3388	0|0	0.894143189894143	NA
chr15	21837873	21921345	31	33	31	26	0|0	0.894143189894143	NA
chr15	21921469	21992537	73	23	41	38	0|0	0.894143189894143	NA
chr15	23149818	23356366	108	109	134	49	0|0	0.894143189894143	NA
chr15	28300478	28451346	107	112	66	87	0|0	0.894143189894143	NA
chr15	28303130	28451346	107	107	66	87	0|0	0.894143189894143	NA
chr15	39574830	39574852	22	41	38	34	0|0	0.894143189894143	NA
chr15	40409401	40409421	27	48	28	45	0|0	0.894143189894143	NA
chr15	41202919	41206504	21	54	30	42	0|0	0.894143189894143	NA
chr15	41329068	41329093	38	26	29	19	0|0	0.894143189894143	NA
chr15	45437116	45437140	30	71	44	66	0|0	0.894143189894143	NA
chr15	50542267	50543020	58	46	46	46	0|0	0.894143189894143	NA
chr15	56461662	56461687	48	43	52	34	0|0	0.894143189894143	NA
chr15	62604522	62604556	45	40	59	53	0|0	0.894143189894143	NA
chr15	63696925	63696955	22	31	22	31	0|0	0.894143189894143	NA
chr15	72639100	72670059	76	53	50	61	0|0	0.894143189894143	NA
chr15	75263869	75287843	54	65	55	56	0|0	0.894143189894143	NA
chr15	84167737	84512403	315	359	426	114	0|0	0.894143189894143	NA
chr15	84167737	84512403	315	359	426	114	0|0	0.894143189894143	NA
chr15	84167737	84513430	318	363	429	116	0|0	0.894143189894143	NA
chr15	93345852	93345879	29	46	23	25	0|0	0.894143189894143	NA
chr16	9175424	9175447	31	19	19	15	0|0	0.894143189894143	NA
chr16	24212395	24212423	32	33	21	17	0|0	0.894143189894143	NA
chr16	24432684	24432710	42	35	22	25	0|0	0.894143189894143	NA
chr16	35630802	35633325	59	39	16	34	0|0	0.894143189894143	NA
chr16	36321552	36335764	35	23	25	24	0|0	0.894143189894143	NA
chr16	68818241	68818258	21	31	18	23	0|0	0.894143189894143	NA
chr16	69541188	69541218	24	32	12	24	0|0	0.894143189894143	NA
chr16	70122284	70167643	455	477	333	258	0|0	0.894143189894143	NA
chr16	71718769	71719630	42	79	39	51	0|0	0.894143189894143	NA
chr16	71719610	71719629	42	65	35	49	0|0	0.894143189894143	NA
chr16	74410074	74413849	66	78	56	37	0|0	0.894143189894143	NA
chr16	75206108	75230108	202	105	95	98	0|0	0.894143189894143	NA
chr16	77900692	77900713	26	44	27	20	0|0	0.894143189894143	NA
chr16	78033415	78033436	23	39	23	21	0|0	0.894143189894143	NA
chr16	82929653	82929691	53	46	22	24	0|0	0.894143189894143	NA
chr16	84508087	84508694	82	46	40	44	0|0	0.894143189894143	NA
chr16	84508668	84508690	82	44	37	43	0|0	0.894143189894143	NA
chr16	90111409	90338345	78	125	33	81	0|0	0.894143189894143	NA
chr17	7150006	7150109	36	30	30	25	0|0	0.894143189894143	NA
chr17	7660505	7660849	35	49	31	17	0|0	0.894143189894143	NA
chr17	9418677	9419719	47	46	27	39	0|0	0.894143189894143	NA
chr17	9589732	9589760	55	87	56	60	0|0	0.894143189894143	NA
chr17	9589732	9589760	55	87	56	60	0|0	0.894143189894143	NA
chr17	16783938	16849912	327	454	90	400	0|0	0.894143189894143	NA
chr17	18721407	18728453	55	79	36	47	0|0	0.894143189894143	NA
chr17	19029551	19232610	89	93	72	56	0|0	0.894143189894143	NA
chr17	21885397	21987202	122	124	68	62	0|0	0.894143189894143	NA
chr17	30637927	30637961	21	21	24	13	0|0	0.894143189894143	NA
chr17	31926371	31926395	23	14	17	17	0|0	0.894143189894143	NA
chr17	37362975	37362999	27	14	18	17	0|0	0.894143189894143	NA
chr17	37895930	38232195	64	50	40	56	0|0	0.894143189894143	NA
chr17	42035120	42035151	21	29	27	28	0|0	0.894143189894143	NA
chr17	44566798	44566827	31	34	39	37	0|0	0.894143189894143	NA
chr17	52484160	52484180	37	29	33	39	0|0	0.894143189894143	NA
chr17	59641605	59641630	32	22	25	38	0|0	0.894143189894143	NA
chr17	63122408	63123583	20	25	13	13	0|0	0.894143189894143	NA
chr17	63661192	63662597	92	83	65	77	0|0	0.894143189894143	NA
chr17	63662243	63662269	90	71	61	71	0|0	0.894143189894143	NA
chr17	64606645	64606668	20	15	12	18	0|0	0.894143189894143	NA
chr17	68622244	68622268	19	23	20	20	0|0	0.894143189894143	NA
chr17	78926312	78926734	54	42	45	51	0|0	0.894143189894143	NA
chr18	13531445	13531466	31	22	25	38	0|0	0.894143189894143	NA
chr18	31820828	31820846	97	63	78	96	0|0	0.894143189894143	NA
chr18	31820828	31820846	97	63	78	96	0|0	0.894143189894143	NA
chr18	80262880	80373285	17	25	30	17	0|0	0.894143189894143	NA
chr19	1	218526	67	59	81	81	0|0	0.894143189894143	NA
chr19	1185519	1185543	25	29	26	35	0|0	0.894143189894143	NA
chr19	3932099	3940761	45	104	97	60	0|0	0.894143189894143	NA
chr19	5797459	5797476	23	30	23	34	0|0	0.894143189894143	NA
chr19	8615701	8616308	32	36	30	35	0|0	0.894143189894143	NA
chr19	8616518	8617363	31	40	34	39	0|0	0.894143189894143	NA
chr19	9643045	9643072	28	29	22	33	0|0	0.894143189894143	NA
chr19	38084543	38084577	26	13	39	31	0|0	0.894143189894143	NA
chr19	38771163	38808647	169	158	148	155	0|0	0.894143189894143	NA
chr19	40979321	40979346	27	29	28	39	0|0	0.894143189894143	NA
chr19	48652762	48652800	39	38	56	41	0|0	0.894143189894143	NA
chr19	51051304	51051333	35	32	39	52	0|0	0.894143189894143	NA
chr19	58074652	58075409	22	21	34	31	0|0	0.894143189894143	NA
chr2	27404948	27404974	19	12	11	11	0|0	0.894143189894143	NA
chr2	37121264	37121295	48	38	41	46	0|0	0.894143189894143	NA
chr2	37357007	37357024	24	14	20	15	0|0	0.894143189894143	NA
chr2	44402328	44402349	22	23	17	21	0|0	0.894143189894143	NA
chr2	47381165	47383331	40	38	43	37	0|0	0.894143189894143	NA
chr2	47383305	47383330	40	25	30	35	0|0	0.894143189894143	NA
chr2	53791900	53791939	29	19	17	18	0|0	0.894143189894143	NA
chr2	62488159	62488512	19	22	23	20	0|0	0.894143189894143	NA
chr2	70208911	70208931	34	17	21	48	0|0	0.894143189894143	NA
chr2	70556210	70556236	21	18	22	28	0|0	0.894143189894143	NA
chr2	75944247	75944269	26	15	21	23	0|0	0.894143189894143	NA
chr2	87054324	87073803	40	59	36	51	0|0	0.894143189894143	NA
chr2	88021671	88021702	42	44	59	56	0|0	0.894143189894143	NA
chr2	89032709	89099827	153	203	178	68	0|0	0.894143189894143	NA
chr2	89033690	89048794	126	38	74	60	0|0	0.894143189894143	NA
chr2	89033690	89048794	126	38	74	60	0|0	0.894143189894143	NA
chr2	89315347	89855981	1419	1588	1280	1357	0|0	0.894143189894143	NA
chr2	89320741	89853004	1414	1577	1277	1346	0|0	0.894143189894143	NA
chr2	90269584	91406123	175	61	119	92	0|0	0.894143189894143	NA
chr2	90269988	91406123	175	54	116	91	0|0	0.894143189894143	NA
chr2	90281322	91406123	173	51	114	87	0|0	0.894143189894143	NA
chr2	94189418	94292608	836	869	801	834	0|0	0.894143189894143	NA
chr2	94189418	94292867	837	870	801	834	0|0	0.894143189894143	NA
chr2	95427644	95481134	36	49	46	37	0|0	0.894143189894143	NA
chr2	95640682	95651794	45	71	73	52	0|0	0.894143189894143	NA
chr2	97209774	97314663	172	199	159	201	0|0	0.894143189894143	NA
chr2	97381673	97509038	47	75	27	43	0|0	0.894143189894143	NA
chr2	110011729	110030314	24	20	23	21	0|0	0.894143189894143	NA
chr2	112361317	112411014	54	67	38	38	0|0	0.894143189894143	NA
chr2	130512271	130627487	164	184	180	193	0|0	0.894143189894143	NA
chr2	161278626	161282497	36	72	57	59	0|0	0.894143189894143	NA
chr2	169784624	169790149	20	21	31	44	0|0	0.894143189894143	NA
chr2	171818539	171820757	28	46	50	46	0|0	0.894143189894143	NA
chr2	178471473	178472873	22	22	42	47	0|0	0.894143189894143	NA
chr2	205140290	205140507	37	20	34	61	0|0	0.894143189894143	NA
chr2	206245985	206246014	25	33	54	44	0|0	0.894143189894143	NA
chr2	214062420	214062455	34	23	26	30	0|0	0.894143189894143	NA
chr2	215943840	215943870	31	58	28	31	0|0	0.894143189894143	NA
chr2	241713002	241713023	23	14	14	16	0|0	0.894143189894143	NA
chr20	448686	448710	44	25	31	57	0|0	0.894143189894143	NA
chr20	25760450	25818168	158	220	163	162	0|0	0.894143189894143	NA
chr20	25767497	25818168	140	124	111	112	0|0	0.894143189894143	NA
chr20	26032067	26091110	51	50	41	52	0|0	0.894143189894143	NA
chr20	33512193	33513840	24	29	43	26	0|0	0.894143189894143	NA
chr20	34406781	34414169	47	98	54	63	0|0	0.894143189894143	NA
chr20	34414138	34414169	46	52	30	43	0|0	0.894143189894143	NA
chr20	36588066	36588096	21	27	19	40	0|0	0.894143189894143	NA
chr20	37001772	37001951	37	32	33	39	0|0	0.894143189894143	NA
chr20	37002328	37003480	37	44	37	51	0|0	0.894143189894143	NA
chr20	41504079	41504107	26	16	22	14	0|0	0.894143189894143	NA
chr20	45991608	45991629	40	30	41	46	0|0	0.894143189894143	NA
chr20	47893459	47902718	54	77	59	47	0|0	0.894143189894143	NA
chr20	54926584	54926619	25	23	17	12	0|0	0.894143189894143	NA
chr21	1	5387202	803	1022	989	654	0|0	0.894143189894143	NA
chr21	1	5393445	817	1052	1017	660	0|0	0.894143189894143	NA
chr21	5216483	5393445	620	1048	958	547	0|0	0.894143189894143	NA
chr21	5388788	6376658	265	88	146	137	0|0	0.894143189894143	NA
chr21	6038596	6376658	252	62	120	131	0|0	0.894143189894143	NA
chr21	7236411	13151470	7805	9360	7053	7847	0|0	0.894143189894143	NA
chr21	8522396	8690213	208	66	90	103	0|0	0.894143189894143	NA
chr21	26193416	26193448	41	52	23	24	0|0	0.894143189894143	NA
chr21	40019435	40044509	118	119	87	105	0|0	0.894143189894143	NA
chr22	12277007	12903262	2454	2839	2453	2296	0|0	0.894143189894143	NA
chr22	15664468	15881472	450	993	578	557	0|0	0.894143189894143	NA
chr22	18356049	18400930	43	110	26	101	0|0	0.894143189894143	NA
chr22	18658193	18787435	29	80	24	89	0|0	0.894143189894143	NA
chr22	18725521	18884792	171	175	149	152	0|0	0.894143189894143	NA
chr22	18778511	18884792	148	138	133	88	0|0	0.894143189894143	NA
chr22	20755805	20758398	33	52	27	24	0|0	0.894143189894143	NA
chr22	21264430	21438506	136	236	167	130	0|0	0.894143189894143	NA
chr22	21327875	21438506	90	179	116	101	0|0	0.894143189894143	NA
chr22	21387064	21438506	65	63	58	50	0|0	0.894143189894143	NA
chr22	21495877	21565794	93	159	118	89	0|0	0.894143189894143	NA
chr22	21523949	21565794	74	136	94	72	0|0	0.894143189894143	NA
chr22	31787811	31787832	21	29	21	14	0|0	0.894143189894143	NA
chr22	34922195	34922219	23	21	16	12	0|0	0.894143189894143	NA
chr22	39380163	39380185	40	18	24	25	0|0	0.894143189894143	NA
chr22	41792914	41792934	38	21	20	29	0|0	0.894143189894143	NA
chr22	45746640	45752547	49	88	41	56	0|0	0.894143189894143	NA
chr22	50807613	50818468	145	150	120	108	0|0	0.894143189894143	NA
chr22	50807780	50818468	145	149	120	108	0|0	0.894143189894143	NA
chr22	50807780	50818468	145	149	120	108	0|0	0.894143189894143	NA
chr3	1	10832	19	20	14	23	0|0	0.894143189894143	NA
chr3	48167360	48168201	19	23	27	21	0|0	0.894143189894143	NA
chr3	49378168	49378198	19	34	32	24	0|0	0.894143189894143	NA
chr3	57906047	57906072	18	36	29	27	0|0	0.894143189894143	NA
chr3	68370288	68370324	27	14	17	20	0|0	0.894143189894143	NA
chr3	73689916	73689939	18	45	25	12	0|0	0.894143189894143	NA
chr3	101916256	101918921	60	64	68	73	0|0	0.894143189894143	NA
chr3	113808130	113808155	61	25	32	61	0|0	0.894143189894143	NA
chr3	113808130	113808155	61	25	32	61	0|0	0.894143189894143	NA
chr3	157213167	157214816	29	41	27	38	0|0	0.894143189894143	NA
chr3	160737689	160738066	24	17	14	18	0|0	0.894143189894143	NA
chr3	176419275	176419302	20	23	24	25	0|0	0.894143189894143	NA
chr3	184774502	184774532	19	13	20	17	0|0	0.894143189894143	NA
chr3	195744292	195749347	55	55	64	57	0|0	0.894143189894143	NA
chr4	1	37353	96	213	112	97	0|0	0.894143189894143	NA
chr4	1	68385	262	496	253	228	0|0	0.894143189894143	NA
chr4	4323239	4323263	28	51	28	16	0|0	0.894143189894143	NA
chr4	23699834	23699863	58	20	22	27	0|0	0.894143189894143	NA
chr4	39535035	39535059	30	34	29	22	0|0	0.894143189894143	NA
chr4	39948212	39948233	32	52	15	27	0|0	0.894143189894143	NA
chr4	44316797	44316832	27	20	22	16	0|0	0.894143189894143	NA
chr4	49091211	49658097	1431	1746	1074	1020	0|0	0.894143189894143	NA
chr4	49091211	49658097	1431	1746	1074	1020	0|0	0.894143189894143	NA
chr4	49091211	49711944	1431	1746	1074	1020	0|0	0.894143189894143	NA
chr4	57196164	57199160	42	64	25	29	0|0	0.894143189894143	NA
chr4	57199214	57200447	39	51	20	35	0|0	0.894143189894143	NA
chr4	71267794	71267827	32	20	23	22	0|0	0.894143189894143	NA
chr4	73225523	73225888	20	22	21	14	0|0	0.894143189894143	NA
chr4	85082605	85083461	25	45	16	25	0|0	0.894143189894143	NA
chr4	96128675	96128838	23	15	24	13	0|0	0.894143189894143	NA
chr4	119345480	119348134	16	36	34	36	0|0	0.894143189894143	NA
chr4	134048762	134050733	19	38	27	22	0|0	0.894143189894143	NA
chr4	151017018	151017109	17	31	26	22	0|0	0.894143189894143	NA
chr4	151265240	151265377	27	28	14	20	0|0	0.894143189894143	NA
chr4	184295871	184298409	39	54	38	20	0|0	0.894143189894143	NA
chr4	184298137	184298164	39	26	28	16	0|0	0.894143189894143	NA
chr4	190066776	190214555	472	424	272	263	0|0	0.894143189894143	NA
chr4	190066776	190214555	472	424	272	263	0|0	0.894143189894143	NA
chr4	190068457	190214555	470	422	272	263	0|0	0.894143189894143	NA
chr5	1	12296	28	45	45	54	0|0	0.894143189894143	NA
chr5	1	14949	29	52	48	69	0|0	0.894143189894143	NA
chr5	7723328	7724139	33	33	44	33	0|0	0.894143189894143	NA
chr5	17017037	17017153	25	40	63	59	0|0	0.894143189894143	NA
chr5	17504862	17599358	128	204	295	257	0|0	0.894143189894143	NA
chr5	17519464	17585040	111	28	125	95	0|0	0.894143189894143	NA
chr5	46433217	47104967	67	146	163	182	0|0	0.894143189894143	NA
chr5	46789493	47068941	28	18	36	36	0|0	0.894143189894143	NA
chr5	46789493	47107294	55	114	140	148	0|0	0.894143189894143	NA
chr5	47210724	50058760	153	66	167	200	0|0	0.894143189894143	NA
chr5	64470804	64484702	68	41	78	86	0|0	0.894143189894143	NA
chr5	69593939	70856217	66	63	114	81	0|0	0.894143189894143	NA
chr5	91366749	91366767	18	25	25	24	0|0	0.894143189894143	NA
chr5	125028441	125028483	41	49	41	47	0|0	0.894143189894143	NA
chr5	126763431	126763460	22	22	34	31	0|0	0.894143189894143	NA
chr5	136410740	136411508	22	21	16	22	0|0	0.894143189894143	NA
chr5	157684857	157684887	46	38	58	65	0|0	0.894143189894143	NA
chr5	172806240	172808401	26	43	42	41	0|0	0.894143189894143	NA
chr5	172808044	172808076	26	19	28	32	0|0	0.894143189894143	NA
chr5	175908637	176045927	398	644	534	592	0|0	0.894143189894143	NA
chr5	175919056	176017639	244	449	376	403	0|0	0.894143189894143	NA
chr5	177844367	177858501	76	49	73	66	0|0	0.894143189894143	NA
chr5	177846219	177892885	85	69	94	86	0|0	0.894143189894143	NA
chr5	179626713	179671715	182	167	193	181	0|0	0.894143189894143	NA
chr6	1669919	1669940	30	19	42	31	0|0	0.894143189894143	NA
chr6	3986522	3990226	58	73	101	76	0|0	0.894143189894143	NA
chr6	3990204	3990229	58	32	69	53	0|0	0.894143189894143	NA
chr6	3990263	3990618	58	33	69	55	0|0	0.894143189894143	NA
chr6	7450135	7450162	26	14	36	25	0|0	0.894143189894143	NA
chr6	25130125	25130150	23	41	35	41	0|0	0.894143189894143	NA
chr6	26638841	26831025	103	247	238	238	0|0	0.894143189894143	NA
chr6	32526284	32526303	29	21	23	48	0|0	0.894143189894143	NA
chr6	55187423	55187469	28	21	35	33	0|0	0.894143189894143	NA
chr6	72610417	72613595	34	43	59	48	0|0	0.894143189894143	NA
chr6	72613564	72613594	34	26	47	40	0|0	0.894143189894143	NA
chr6	106718739	106723048	22	14	23	24	0|0	0.894143189894143	NA
chr6	108182243	108190842	40	92	104	64	0|0	0.894143189894143	NA
chr6	108190817	108190842	36	17	58	20	0|0	0.894143189894143	NA
chr6	109417170	109417192	20	32	23	38	0|0	0.894143189894143	NA
chr6	109417276	109417961	20	41	24	47	0|0	0.894143189894143	NA
chr6	119057969	119057990	21	15	32	29	0|0	0.894143189894143	NA
chr6	128691358	128692616	19	24	35	26	0|0	0.894143189894143	NA
chr6	150456736	150460115	43	75	67	63	0|0	0.894143189894143	NA
chr6	150611813	150611834	25	59	38	66	0|0	0.894143189894143	NA
chr6	151491899	151492715	18	16	25	16	0|0	0.894143189894143	NA
chr6	154415099	154415133	20	27	29	53	0|0	0.894143189894143	NA
chr6	154697175	154697193	17	36	21	53	0|0	0.894143189894143	NA
chr6	156092088	156092118	49	41	79	76	0|0	0.894143189894143	NA
chr6	156092088	156092118	49	41	79	76	0|0	0.894143189894143	NA
chr6	169586849	169586877	31	42	40	59	0|0	0.894143189894143	NA
chr7	6745826	6827396	133	196	132	150	0|0	0.894143189894143	NA
chr7	6747038	6827396	131	191	132	148	0|0	0.894143189894143	NA
chr7	22316973	22316997	58	47	73	67	0|0	0.894143189894143	NA
chr7	22316973	22316997	58	47	73	67	0|0	0.894143189894143	NA
chr7	30108865	30109616	24	41	52	42	0|0	0.894143189894143	NA
chr7	35921443	35921463	23	13	29	31	0|0	0.894143189894143	NA
chr7	55764456	55765938	20	20	41	36	0|0	0.894143189894143	NA
chr7	55764767	55765774	18	15	39	33	0|0	0.894143189894143	NA
chr7	57612661	57636922	44	37	48	50	0|0	0.894143189894143	NA
chr7	57612661	57639192	45	56	67	67	0|0	0.894143189894143	NA
chr7	61579454	61728110	145	81	184	92	0|0	0.894143189894143	NA
chr7	61579454	61728604	146	85	187	92	0|0	0.894143189894143	NA
chr7	61649703	61728110	99	81	118	86	0|0	0.894143189894143	NA
chr7	62026859	62152594	145	81	99	212	0|0	0.894143189894143	NA
chr7	62026859	62153668	146	82	101	215	0|0	0.894143189894143	NA
chr7	62385953	62456454	495	567	315	815	0|0	0.894143189894143	NA
chr7	63288942	63632318	454	830	789	576	0|0	0.894143189894143	NA
chr7	63288942	63642494	457	841	797	585	0|0	0.894143189894143	NA
chr7	65489552	65490746	17	20	14	18	0|0	0.894143189894143	NA
chr7	70716638	70716672	27	36	46	77	0|0	0.894143189894143	NA
chr7	70947740	70973688	208	130	162	189	0|0	0.894143189894143	NA
chr7	71977578	71978030	16	19	39	41	0|0	0.894143189894143	NA
chr7	72963201	73216313	184	261	274	215	0|0	0.894143189894143	NA
chr7	75083763	75362945	100	198	164	180	0|0	0.894143189894143	NA
chr7	101837835	101837861	29	51	86	90	0|0	0.894143189894143	NA
chr7	101965851	101965878	29	58	99	88	0|0	0.894143189894143	NA
chr7	102342811	102352495	19	19	24	23	0|0	0.894143189894143	NA
chr7	107934899	107934920	20	15	44	34	0|0	0.894143189894143	NA
chr7	120728271	120729254	17	39	27	43	0|0	0.894143189894143	NA
chr7	121026817	121032254	68	52	112	118	0|0	0.894143189894143	NA
chr7	121405492	121405511	27	22	48	43	0|0	0.894143189894143	NA
chr7	131057785	131057810	65	35	93	99	0|0	0.894143189894143	NA
chr7	131058083	131060786	66	68	105	115	0|0	0.894143189894143	NA
chr7	131077994	131078067	19	31	30	37	0|0	0.894143189894143	NA
chr7	138612403	138612468	35	20	58	45	0|0	0.894143189894143	NA
chr7	140558695	140558718	61	31	85	61	0|0	0.894143189894143	NA
chr7	144203648	144372971	405	374	415	483	0|0	0.894143189894143	NA
chr7	144203648	144374886	409	383	429	487	0|0	0.894143189894143	NA
chr8	1	180880	46	30	35	19	0|0	0.894143189894143	NA
chr8	1	211558	48	72	47	38	0|0	0.894143189894143	NA
chr8	7397867	8066255	394	441	295	463	0|0	0.894143189894143	NA
chr8	7679072	8012966	290	270	126	375	0|0	0.894143189894143	NA
chr8	7679705	8012966	290	264	123	371	0|0	0.894143189894143	NA
chr8	7738815	7907319	264	126	99	246	0|0	0.894143189894143	NA
chr8	7764728	8069163	338	286	200	383	0|0	0.894143189894143	NA
chr8	7973866	8126595	212	75	139	138	0|0	0.894143189894143	NA
chr8	10077473	10077880	17	28	21	19	0|0	0.894143189894143	NA
chr8	12188331	12609057	1000	1168	941	1124	0|0	0.894143189894143	NA
chr8	12284870	12415420	263	188	311	82	0|0	0.894143189894143	NA
chr8	12476972	12608295	562	728	484	777	0|0	0.894143189894143	NA
chr8	17137513	17137545	48	22	41	39	0|0	0.894143189894143	NA
chr8	41419163	41419199	22	24	29	26	0|0	0.894143189894143	NA
chr8	53626296	53626325	24	14	14	17	0|0	0.894143189894143	NA
chr8	65662063	65663555	52	52	55	55	0|0	0.894143189894143	NA
chr8	67003094	67003191	22	12	17	18	0|0	0.894143189894143	NA
chr8	73902886	73902923	21	31	25	26	0|0	0.894143189894143	NA
chr8	84615338	84615360	26	43	41	52	0|0	0.894143189894143	NA
chr8	85656836	85820079	298	467	302	266	0|0	0.894143189894143	NA
chr8	85734250	85742464	117	34	78	43	0|0	0.894143189894143	NA
chr8	113328439	113328464	31	23	26	22	0|0	0.894143189894143	NA
chr8	126926655	126928125	20	24	24	29	0|0	0.894143189894143	NA
chr9	19280305	19282582	50	63	46	41	0|0	0.894143189894143	NA
chr9	33253752	33253783	25	22	23	12	0|0	0.894143189894143	NA
chr9	34853829	34853851	74	40	48	41	0|0	0.894143189894143	NA
chr9	34853829	34853851	74	40	48	41	0|0	0.894143189894143	NA
chr9	38927455	39078901	780	790	777	728	0|0	0.894143189894143	NA
chr9	39833371	40180103	297	253	90	397	0|0	0.894143189894143	NA
chr9	41111919	41225626	210	137	57	280	0|0	0.894143189894143	NA
chr9	42323297	42608192	1224	1372	1219	1351	0|0	0.894143189894143	NA
chr9	42324072	42662165	1297	1373	1258	1373	0|0	0.894143189894143	NA
chr9	62275483	63368169	1630	1701	1782	2208	0|0	0.894143189894143	NA
chr9	62317410	63370214	1639	1705	1786	2214	0|0	0.894143189894143	NA
chr9	62317410	63410027	1644	1809	1834	2302	0|0	0.894143189894143	NA
chr9	65131247	65323846	32	88	36	130	0|0	0.894143189894143	NA
chr9	65822094	66183789	300	324	463	179	0|0	0.894143189894143	NA
chr9	67601494	67616166	51	52	50	48	0|0	0.894143189894143	NA
chr9	67853265	68247214	84	70	79	81	0|0	0.894143189894143	NA
chr9	71581568	71581598	38	50	33	49	0|0	0.894143189894143	NA
chr9	111984574	111984597	30	40	18	27	0|0	0.894143189894143	NA
chr9	123021285	123021317	21	23	17	16	0|0	0.894143189894143	NA
chr9	123979051	124009116	86	227	74	294	0|0	0.894143189894143	NA
chr9	124924652	124925143	39	39	41	30	0|0	0.894143189894143	NA
chr9	125248624	125248647	36	31	31	39	0|0	0.894143189894143	NA
chr9	128280503	128280537	24	15	16	15	0|0	0.894143189894143	NA
chr9	130686490	130686525	43	41	26	19	0|0	0.894143189894143	NA
chr9	130686490	130687409	44	48	26	24	0|0	0.894143189894143	NA
chrX	1	229160	87	81	121	137	0|0	0.894143189894143	NA
chrX	12417995	12418034	27	31	27	38	0|0	0.894143189894143	NA
chrX	24069378	24069403	18	16	16	15	0|0	0.894143189894143	NA
chrX	24434146	24435935	20	30	31	31	0|0	0.894143189894143	NA
chrX	25347511	25347542	28	28	19	23	0|0	0.894143189894143	NA
chrX	40255307	40255334	30	50	41	45	0|0	0.894143189894143	NA
chrX	40255511	40256262	30	52	48	51	0|0	0.894143189894143	NA
chrX	48523553	48523578	44	45	25	45	0|0	0.894143189894143	NA
chrX	48523553	48526119	57	75	44	64	0|0	0.894143189894143	NA
chrX	52454618	52538316	134	174	194	173	0|0	0.894143189894143	NA
chrX	70370937	70370960	24	13	13	16	0|0	0.894143189894143	NA
chrX	70977178	70977212	18	16	15	14	0|0	0.894143189894143	NA
chrX	74316678	74317370	45	44	37	45	0|0	0.894143189894143	NA
chrX	97437050	97438145	64	75	61	58	0|0	0.894143189894143	NA
chrX	102196374	102489876	135	213	270	111	0|0	0.894143189894143	NA
chrX	102230421	102479746	130	155	234	80	0|0	0.894143189894143	NA
chrX	107762816	107762833	39	37	29	45	0|0	0.894143189894143	NA
chrX	120159142	120188710	19	20	29	14	0|0	0.894143189894143	NA
chrX	135718874	135730834	31	19	30	26	0|0	0.894143189894143	NA
chrX	140996019	141088090	217	281	244	273	0|0	0.894143189894143	NA
chrX	140996019	141088090	217	281	244	273	0|0	0.894143189894143	NA
chrX	141000686	141088090	215	273	236	269	0|0	0.894143189894143	NA
chrX	145698058	145698077	27	28	24	22	0|0	0.894143189894143	NA
chrX	149576352	149601242	32	25	27	25	0|0	0.894143189894143	NA
chrX	152697579	152780919	250	182	110	282	0|0	0.894143189894143	NA
chrX	152697579	152780919	250	182	110	282	0|0	0.894143189894143	NA
chrX	152700055	152759958	202	170	74	270	0|0	0.894143189894143	NA
chrX	152724282	152795443	184	203	66	288	0|0	0.894143189894143	NA
chrX	153251329	153293813	86	91	67	79	0|0	0.894143189894143	NA
chrX	154615052	154645710	18	12	12	13	0|0	0.894143189894143	NA
chrX	156008709	156040895	131	232	155	200	0|0	0.894143189894143	NA
chr1	21280286	21282840	0	0	0	0	0|0	0.894143189894143	NA
chr1	21282585	21282609	0	0	0	0	0|0	0.894143189894143	NA
chr1	21282585	21282609	0	0	0	0	0|0	0.894143189894143	NA
chr1	122503510	124785412	0	0	0	0	0|0	0.894143189894143	NA
chr1	122506566	124785412	0	0	0	0	0|0	0.894143189894143	NA
chr1	124099326	124103191	0	0	0	0	0|0	0.894143189894143	NA
chr1	124104420	124268252	0	0	0	0	0|0	0.894143189894143	NA
chr1	124268663	124271352	0	0	0	0	0|0	0.894143189894143	NA
chr1	124272922	124785412	0	0	0	0	0|0	0.894143189894143	NA
chr1	124785636	124932578	0	0	0	0	0|0	0.894143189894143	NA
chr1	124785636	124932578	0	0	0	0	0|0	0.894143189894143	NA
chr1	124786282	124932578	0	0	0	0	0|0	0.894143189894143	NA
chr1	125164084	125178081	0	0	0	0	0|0	0.894143189894143	NA
chr1	125177652	125183209	0	0	0	0	0|0	0.894143189894143	NA
chr1	125178140	143206824	0	0	0	0	0|0	0.894143189894143	NA
chr1	143207127	143211760	0	0	0	0	0|0	0.894143189894143	NA
chr1	143208815	143211226	0	0	0	0	0|0	0.894143189894143	NA
chr1	143211245	143258996	0	0	0	0	0|0	0.894143189894143	NA
chr1	143243047	143258996	0	0	0	0	0|0	0.894143189894143	NA
chr1	143243047	143258996	0	0	0	0	0|0	0.894143189894143	NA
chr1	169112498	169115211	0	0	0	0	0|0	0.894143189894143	NA
chr1	189696529	189696550	0	0	0	0	0|0	0.894143189894143	NA
chr1	189696529	189696550	0	0	0	0	0|0	0.894143189894143	NA
chr10	114137206	114138085	0	0	0	0	0|0	0.894143189894143	NA
chr10	114138039	114138086	0	0	0	0	0|0	0.894143189894143	NA
chr11	3991952	3991985	0	0	0	0	0|0	0.894143189894143	NA
chr11	3992077	3993362	0	0	0	0	0|0	0.894143189894143	NA
chr11	51266167	51315269	0	0	0	0	0|0	0.894143189894143	NA
chr11	52317389	52341573	0	0	0	0	0|0	0.894143189894143	NA
chr11	52320916	52341573	0	0	0	0	0|0	0.894143189894143	NA
chr11	52937299	52980383	0	0	0	0	0|0	0.894143189894143	NA
chr11	94232659	94239060	0	0	0	0	0|0	0.894143189894143	NA
chr11	94232947	94239060	0	0	0	0	0|0	0.894143189894143	NA
chr12	34835297	37185129	0	0	0	0	0|0	0.894143189894143	NA
chr12	34852780	37185129	0	0	0	0	0|0	0.894143189894143	NA
chr12	34919565	34933178	0	0	0	0	0|0	0.894143189894143	NA
chr12	36004284	36081329	0	0	0	0	0|0	0.894143189894143	NA
chr12	36513395	36515422	0	0	0	0	0|0	0.894143189894143	NA
chr13	17443186	17447268	0	0	0	0	0|0	0.894143189894143	NA
chr13	17448455	17985606	0	0	0	0	0|0	0.894143189894143	NA
chr13	17644542	17682141	0	0	0	0	0|0	0.894143189894143	NA
chr13	17871075	17881139	0	0	0	0	0|0	0.894143189894143	NA
chr13	17882473	17985606	0	0	0	0	0|0	0.894143189894143	NA
chr13	17985876	17998935	0	0	0	0	0|0	0.894143189894143	NA
chr13	30390583	30390604	0	0	0	0	0|0	0.894143189894143	NA
chr13	51744976	51745878	0	0	0	0	0|0	0.894143189894143	NA
chr13	51745731	51745772	0	0	0	0	0|0	0.894143189894143	NA
chr15	17506230	19691043	0	0	0	0	0|0	0.894143189894143	NA
chr15	17506230	19691043	0	0	0	0	0|0	0.894143189894143	NA
chr15	17506230	19706140	0	0	0	0	0|0	0.894143189894143	NA
chr15	45881724	45883456	0	0	0	0	0|0	0.894143189894143	NA
chr15	83152684	83152712	0	0	0	0	0|0	0.894143189894143	NA
chr16	34571511	34589250	0	0	0	0	0|0	0.894143189894143	NA
chr16	34571511	34589432	0	0	0	0	0|0	0.894143189894143	NA
chr16	34571511	34589432	0	0	0	0	0|0	0.894143189894143	NA
chr16	34594452	34596469	0	0	0	0	0|0	0.894143189894143	NA
chr16	46382554	46401836	0	0	0	0	0|0	0.894143189894143	NA
chr16	46382554	46401836	0	0	0	0	0|0	0.894143189894143	NA
chr16	85132114	85132493	0	0	0	0	0|0	0.894143189894143	NA
chr17	23365948	23384456	0	0	0	0	0|0	0.894143189894143	NA
chr17	24601320	24752199	0	0	0	0	0|0	0.894143189894143	NA
chr17	26880974	26885966	0	0	0	0	0|0	0.894143189894143	NA
chr17	26880974	26885966	0	0	0	0	0|0	0.894143189894143	NA
chr17	26935982	26940997	0	0	0	0	0|0	0.894143189894143	NA
chr17	26935982	26940997	0	0	0	0	0|0	0.894143189894143	NA
chr17	73210490	73210516	0	0	0	0	0|0	0.894143189894143	NA
chr17	73210490	73210516	0	0	0	0	0|0	0.894143189894143	NA
chr17	73210748	73217805	0	0	0	0	0|0	0.894143189894143	NA
chr17	82758385	82758406	0	0	0	0	0|0	0.894143189894143	NA
chr17	82758385	82758406	0	0	0	0	0|0	0.894143189894143	NA
chr18	107112	112327	0	0	0	0	0|0	0.894143189894143	NA
chr18	21060839	21060868	0	0	0	0	0|0	0.894143189894143	NA
chr18	21060839	21060868	0	0	0	0	0|0	0.894143189894143	NA
chr2	31823551	31827212	0	0	0	0	0|0	0.894143189894143	NA
chr2	31827188	31827212	0	0	0	0	0|0	0.894143189894143	NA
chr2	170416524	170416551	0	0	0	0	0|0	0.894143189894143	NA
chr2	202162921	202162950	0	0	0	0	0|0	0.894143189894143	NA
chr20	1	65516	0	0	0	0	0|0	0.894143189894143	NA
chr20	1	66909	0	0	0	0	0|0	0.894143189894143	NA
chr20	26437318	26584125	0	0	0	0	0|0	0.894143189894143	NA
chr20	26441211	26513711	0	0	0	0	0|0	0.894143189894143	NA
chr20	26441211	26584125	0	0	0	0	0|0	0.894143189894143	NA
chr20	26514141	26584125	0	0	0	0	0|0	0.894143189894143	NA
chr20	31240998	31242110	0	0	0	0	0|0	0.894143189894143	NA
chr3	47810254	47815846	0	0	0	0	0|0	0.894143189894143	NA
chr3	90774874	90790786	0	0	0	0	0|0	0.894143189894143	NA
chr3	90774874	91224860	0	0	0	0	0|0	0.894143189894143	NA
chr3	90774874	91233391	0	0	0	0	0|0	0.894143189894143	NA
chr3	90791158	90798780	0	0	0	0	0|0	0.894143189894143	NA
chr3	90800174	91230756	0	0	0	0	0|0	0.894143189894143	NA
chr3	91553522	93470787	0	0	0	0	0|0	0.894143189894143	NA
chr3	91553522	93470787	0	0	0	0	0|0	0.894143189894143	NA
chr3	93476843	93653888	0	0	0	0	0|0	0.894143189894143	NA
chr3	93476843	93653888	0	0	0	0	0|0	0.894143189894143	NA
chr4	49708956	49711944	0	0	0	0	0|0	0.894143189894143	NA
chr4	49708956	49711944	0	0	0	0	0|0	0.894143189894143	NA
chr4	50048397	50098062	0	0	0	0	0|0	0.894143189894143	NA
chr4	50098865	50205985	0	0	0	0	0|0	0.894143189894143	NA
chr4	50662163	50696287	0	0	0	0	0|0	0.894143189894143	NA
chr4	50802909	50835647	0	0	0	0	0|0	0.894143189894143	NA
chr4	51050633	51107541	0	0	0	0	0|0	0.894143189894143	NA
chr4	51107161	51107541	0	0	0	0	0|0	0.894143189894143	NA
chr4	93178070	93178091	0	0	0	0	0|0	0.894143189894143	NA
chr4	93178070	93178091	0	0	0	0	0|0	0.894143189894143	NA
chr4	128071598	128073450	0	0	0	0	0|0	0.894143189894143	NA
chr4	189233525	189235739	0	0	0	0	0|0	0.894143189894143	NA
chr4	189233525	189235739	0	0	0	0	0|0	0.894143189894143	NA
chr5	46492053	46579108	0	0	0	0	0|0	0.894143189894143	NA
chr5	47107787	47150099	0	0	0	0	0|0	0.894143189894143	NA
chr5	47107787	47152812	0	0	0	0	0|0	0.894143189894143	NA
chr5	47111598	47114500	0	0	0	0	0|0	0.894143189894143	NA
chr5	156485882	156487917	0	0	0	0	0|0	0.894143189894143	NA
chr5	156487790	156487905	0	0	0	0	0|0	0.894143189894143	NA
chr5	178702083	178702106	0	0	0	0	0|0	0.894143189894143	NA
chr6	58555301	58783736	0	0	0	0	0|0	0.894143189894143	NA
chr6	58784546	58803013	0	0	0	0	0|0	0.894143189894143	NA
chr6	58785365	59732867	0	0	0	0	0|0	0.894143189894143	NA
chr6	58803282	59778767	0	0	0	0	0|0	0.894143189894143	NA
chr7	3213224	3213256	0	0	0	0	0|0	0.894143189894143	NA
chr7	135894180	135894214	0	0	0	0	0|0	0.894143189894143	NA
chr8	10617531	10617564	0	0	0	0	0|0	0.894143189894143	NA
chr8	20503640	20503713	0	0	0	0	0|0	0.894143189894143	NA
chr8	20503640	20508421	0	0	0	0	0|0	0.894143189894143	NA
chr8	134653265	134653297	0	0	0	0	0|0	0.894143189894143	NA
chrX	1301333	1301364	0	0	0	0	0|0	0.894143189894143	NA
chrX	1301579	1302081	0	0	0	0	0|0	0.894143189894143	NA
chrX	53731462	53731498	0	0	0	0	0|0	0.894143189894143	NA
chrX	53731462	53731498	0	0	0	0	0|0	0.894143189894143	NA
chrX	58606039	62385920	0	0	0	0	0|0	0.894143189894143	NA
chrX	58606039	62385920	0	0	0	0	0|0	0.894143189894143	NA
chrX	58606039	62385920	0	0	0	0	0|0	0.894143189894143	NA
chrX	75115273	75115307	0	0	0	0	0|0	0.894143189894143	NA
chr13	36977792	36977823	23	21	11	18	0|0	0.894143189894143	NA
chr16	4949925	4949960	21	15	10	13	0|0	0.894143189894143	NA
chr20	32411033	32411051	18	11	17	16	0|0	0.894143189894143	NA
chr4	173732316	173732337	19	12	18	11	0|0	0.894143189894143	NA
chr9	6488245	6488315	26	15	18	11	0|0	0.894143189894143	NA
chr9	77504531	77504551	24	22	11	19	0|0	0.894143189894143	NA
chr17	62549410	62549444	20	11	20	25	0|0	0.894143189894141	NA
chrX	155040385	155042090	22	28	11	21	0|0	0.894143189894141	NA
chr22	18659284	18787435	28	75	22	87	0|0	0.894143189894137	NA
chr4	9159196	9170630	19	11	9	9	0|0	0.894143189894137	NA
chr9	62953223	63258000	59	56	112	26	0|0	0.894143189894137	NA
chr12	100241848	100241878	22	17	10	17	0|0	0.894143189894134	NA
chr1	120236794	121401090	1191	2707	2688	2989	0|0	0.894143189894131	NA
chr14	19094498	19955190	2018	2792	1482	3532	0|0	0.894143189894131	NA
chr14	19135382	19490510	856	570	313	1205	0|0	0.894143189894131	NA
chr14	19684714	19955428	999	1820	981	2003	0|0	0.894143189894131	NA
chr15	1	17083575	366	1027	452	655	0|0	0.894143189894131	NA
chr15	1	17504167	366	1027	452	655	0|0	0.894143189894131	NA
chr16	55756890	55835909	97	477	298	100	0|0	0.894143189894131	NA
chr17	16753577	16845367	448	619	151	540	0|0	0.894143189894131	NA
chr17	16753577	16845367	448	619	151	540	0|0	0.894143189894131	NA
chr17	21704560	21972091	791	2127	922	975	0|0	0.894143189894131	NA
chr19	24331000	24404806	466	1055	762	890	0|0	0.894143189894131	NA
chr2	91423867	92010392	2283	4026	2019	3522	0|0	0.894143189894131	NA
chr20	29261765	29338453	183	944	481	491	0|0	0.894143189894131	NA
chr21	6362976	8462380	870	1632	975	1234	0|0	0.894143189894131	NA
chr21	8690385	10169455	3248	5319	3513	3888	0|0	0.894143189894131	NA
chr22	1	11955649	5000	2990	3863	2880	0|0	0.894143189894131	NA
chr22	1	12641638	8387	5791	6537	5746	0|0	0.894143189894131	NA
chr22	1	12903262	8789	6148	6897	6031	0|0	0.894143189894131	NA
chr22	11785702	11975927	1112	283	926	220	0|0	0.894143189894131	NA
chr22	11847034	12038775	946	197	762	193	0|0	0.894143189894131	NA
chr22	11955770	12276953	1336	319	582	855	0|0	0.894143189894131	NA
chr22	12040415	12181511	624	123	147	506	0|0	0.894143189894131	NA
chr22	18485348	18655054	148	466	381	97	0|0	0.894143189894131	NA
chr22	18485348	18657629	150	470	387	102	0|0	0.894143189894131	NA
chr22	18485348	18659230	152	478	393	106	0|0	0.894143189894131	NA
chr7	62386200	62456454	493	566	308	813	0|0	0.894143189894131	NA
chr9	38927455	39603228	1139	2056	1536	1573	0|0	0.894143189894131	NA
chr9	38927455	42272916	9207	7994	7600	10290	0|0	0.894143189894131	NA
chr9	39472742	42272916	8355	6422	6485	9143	0|0	0.894143189894131	NA
chr9	39622167	42608192	9260	7687	7466	10250	0|0	0.894143189894131	NA
chr9	41258235	41482708	541	577	198	1041	0|0	0.894143189894131	NA
chr9	63411476	65752234	5268	3891	4902	5990	0|0	0.894143189894131	NA
chr9	64132261	66183789	1969	3910	3064	3767	0|0	0.894143189894131	NA
chr9	64188404	66184789	1957	3909	3053	3758	0|0	0.894143189894131	NA
chr9	67616235	68247214	241	801	457	567	0|0	0.894143189894131	NA
chr16	81426393	81426504	39	14	9	11	0|0	0.894143189894129	NA
chr6	98290774	98290803	17	10	11	17	0|0	0.894143189894123	NA
chr16	21505813	22699333	10252	2271	3956	3905	0|0	0.894143189893978	NA
chr16	21505813	22699333	10252	2271	3956	3905	0|0	0.894143189893978	NA
chr12	5528627	5528651	23	19	16	9	0|0	0.894143189893853	NA
chr17	60025005	60035068	21	10	10	16	0|0	0.894143189893838	NA
chr8	69313704	69313725	27	11	25	23	0|0	0.894143189893837	NA
chr2	38385243	38385284	27	11	11	23	0|0	0.894143189893827	NA
chr12	31920322	31920341	19	10	16	9	0|0	0.894143189893776	NA
chr2	88906899	89225705	182	798	560	100	0|0	0.894143189893572	NA
chr3	161653274	161653297	22	10	13	19	0|0	0.894143189893549	NA
chr2	16975451	16975541	19	13	12	8	0|0	0.894143189893026	NA
chr7	105864458	105865307	23	10	18	34	0|0	0.894143189892965	NA
chr22	11785702	11797700	72	23	60	16	0|0	0.894143189892803	NA
chr6	130803301	130803340	18	9	42	30	0|0	0.894143189891858	NA
chr16	81262832	81262865	34	55	31	11	0|0	0.894143189891772	NA
chr16	74882809	74882840	28	18	8	7	0|0	0.894143189889809	NA
chr19	44606879	44606978	26	14	10	26	0|0	0.894143189889545	NA
chr11	98917076	98917098	18	10	11	7	0|0	0.894143189860584	NA
chr7	107675285	107675310	22	9	35	32	0|0	0.894143189858779	NA
chr4	2856051	2856080	20	14	7	12	0|0	0.894143189827664	NA
chr22	18875230	18884792	22	26	24	9	0|0	0.894143189824599	NA
chr4	941378	941407	23	9	15	12	0|0	0.89414318982401	NA
chr13	98165675	98165695	20	17	6	6	0|0	0.894143189764148	NA
chr21	42956372	42956405	21	13	7	6	0|0	0.894143189764148	NA
chr17	33037132	33037150	20	16	13	7	0|0	0.894143189762303	NA
chr8	39002029	39002061	18	8	14	16	0|0	0.894143189758155	NA
chr17	34792566	34792591	24	9	13	18	0|0	0.894143189755056	NA
chr21	20018869	20018899	19	17	10	6	0|0	0.89414318888871	NA
chr15	86632271	86632291	21	8	17	17	0|0	0.894143188833441	NA
chr1	9745230	9745259	27	9	20	26	0|0	0.894143188809267	NA
chr8	134243137	134243854	19	11	6	11	0|0	0.894143187900178	NA
chr3	44779209	44779848	24	17	8	23	0|0	0.894143187808254	NA
chr17	75355606	75355629	22	24	8	24	0|0	0.894143185757431	NA
chr3	13310586	13310608	23	8	17	20	0|0	0.894143185722364	NA
chr20	6927243	6927270	21	11	6	13	0|0	0.894143182051805	NA
chr9	129947981	129948011	21	11	13	6	0|0	0.894143182051805	NA
chr1	13070573	13278204	239	44	140	206	0|0	0.894143180504405	NA
chr3	57293972	57293991	74	16	30	55	0|0	0.894143150926032	NA
chr3	189667024	189667278	27	8	16	19	0|0	0.894143125361816	NA
chrX	149658488	149667023	8	13	5	11	0|0	0.894143071294909	NA
chr16	5134221	5134256	23	20	11	5	0|0	0.894143071286044	NA
chr6	82836459	82836508	17	15	35	9	0|0	0.894143060097829	NA
chr16	10674617	10674653	30	22	19	6	0|0	0.894142712772378	NA
chr13	41959495	41959521	20	14	5	14	0|0	0.894142264757179	NA
chr3	44698235	44700778	20	6	15	11	0|0	0.894141297452206	NA
chr1	103697179	103723806	56	12	60	48	0|0	0.894141023465175	NA
chr2	235581136	235581325	28	8	7	29	0|0	0.894135513265599	NA
chr4	23890029	23890242	17	10	6	3	0|0	0.894129510016906	NA
chr6	26697066	26831025	95	18	78	84	0|0	0.894123845719122	NA
chr17	38127767	38232195	2	5	2	1	0|0	0.892677593424128	NA
chr9	41563210	41608818	34	55	14	79	0|0	0.892033261188822	NA
chr22	18799377	18813845	35	8	32	6	0|0	0.890638740828441	NA
chr3	187418573	187429130	50	9	20	28	0|0	0.886710812756858	NA
chr5	17519464	17527262	105	18	113	86	0|0	0.876301082689735	NA
chr5	139830009	139830033	0	0	0	2	0|0	0.876093141727089	NA
chr5	139830338	139831738	0	0	0	2	0|0	0.876093141727089	NA
chr11	4257505	4285568	35	0	3	24	1|1	0.679784610371484	NA
chr1	121969755	122503052	6	0	5	0	1|1	0.672084847500456	NA
chr1	121969755	122506393	6	0	5	0	1|1	0.672084847500456	NA
chr1	121969755	124099187	6	0	5	0	1|1	0.672084847500456	NA
chr1	148556945	148566339	28	1	41	5	1|1	0.667091381213114	NA
chr7	61579454	61644098	45	0	65	6	1|1	0.666666668514062	NA
chr7	61514985	61639329	42	0	61	5	1|1	0.666666667146806	NA
chr16	36011308	36018644	100	0	2	60	1|1	0.666666666666671	NA
chrX	94884	222429	85	1	98	8	1|1	0.666666666666667	NA
chr3	121824247	121824631	28	4	13	25	1|1	0.660783415074909	NA
chr5	47106198	47152812	1	0	0	0	0|0	0.618415785794028	NA
chr3	57909504	57909525	21	3	9	9	1|1	0.497155800372824	NA
chr8	8066436	8145886	194	32	94	108	1|1	0.489809553036046	NA
chr1	124933122	143208546	215	2481	1962	1845	0|0	1	NA
chr10	79698845	79746717	6	209	52	261	0|0	1	NA
chr10	132362214	132367597	2	128	52	139	0|0	1	NA
chr11	90025357	90115752	28	390	263	99	0|0	1	NA
chr13	51745731	51768797	2	130	115	109	0|0	1	NA
chr19	38739595	38757942	3	170	95	113	0|0	1	NA
chr20	1577075	1627575	22	405	276	88	0|0	1	NA
chr20	29261765	29886256	785	7604	3555	3539	0|0	1	NA
chr20	29261765	29894171	920	7663	3626	3611	0|0	1	NA
chr21	6376677	20016899	8389	64811	31459	31793	0|0	1	NA
chr21	13562091	13799549	7	414	279	91	0|0	1	NA
chr8	59711841	59773094	5	362	80	268	0|0	1	NA
chr8	134639824	134657556	5	112	54	46	0|0	1	NA
chr12	34821929	34850085	1	54	13	14	0|0	1	NA
chr9	23357703	23377983	3	118	21	85	0|0	0.999999999999993	NA
chrX	49341366	49346707	1	158	34	167	0|0	0.999999999999844	NA
chrX	49341366	49346707	1	158	34	167	0|0	0.999999999999844	NA
chr21	44090575	44192230	1	149	24	130	0|0	0.999999127088349	NA
chr21	35677668	35681692	0	41	7	35	0|0	0.999928374257344	NA
chr2	87409682	87427834	0	18	3	13	0|0	0.999743964617671	NA
chr15	56493686	56508898	1	135	18	106	0|0	0.997429875065335	NA
chr11	90029357	90098513	22	224	178	30	0|0	0.99672278113383	NA
chr21	13580547	13715927	4	210	167	28	0|0	0.994362778579427	NA
chr9	39680185	39788519	6	77	13	79	0|0	0.98832154800391	NA
chr1	2657164	2683636	0	18	2	14	0|0	0.98521431850864	NA
chr5	47294443	47308275	2	40	9	58	0|0	0.976144947977651	NA
chr3	101638739	101642070	1	35	7	47	0|0	0.974059269424853	NA
chr19	27465399	27470350	0	51	5	37	0|0	0.97205739355652	NA
chrX	93541514	93546899	1	25	4	37	0|0	0.971267192616671	NA
chr4	51709754	51812912	1	146	85	12	0|0	0.971265145614089	NA
chr9	69123277	69129858	0	24	3	32	0|0	0.971260701215261	NA
chr14	73773367	73780477	2	46	38	4	0|0	0.971260549664112	NA
chr8	3926232	3933633	0	37	4	40	0|0	0.971255323432209	NA
chr8	2203170	2213397	1	78	58	5	0|0	0.971253541617295	NA
chr4	9456091	9478623	3	217	13	112	0|0	0.971253541152945	NA
chr3	75520619	75545719	0	144	136	17	0|0	0.971253541152386	NA
chr19	37287164	37304360	3	200	25	184	0|0	0.971253541151413	NA
chr4	9617835	9631538	3	123	63	4	0|0	0.971253541146739	NA
chr10	47938677	47964861	0	78	8	87	0|0	0.971253541146717	NA
chr4	51797371	51812912	1	125	82	6	0|0	0.971253541146484	NA
chr1	169255724	169278458	4	106	115	5	0|0	0.971253541146482	NA
chr1	189356634	189575788	17	731	18	922	0|0	0.971253541146482	NA
chr1	189357432	189576160	17	728	18	920	0|0	0.971253541146482	NA
chr11	55185576	55215209	9	150	1	130	0|0	0.971253541146482	NA
chr11	55185576	55215209	9	150	1	130	0|0	0.971253541146482	NA
chr14	73537631	73559348	1	72	85	5	0|0	0.971253541146482	NA
chr14	105756932	105859015	3	194	14	187	0|0	0.971253541146482	NA
chr19	37293350	37303580	3	177	13	169	0|0	0.971253541146482	NA
chr19	43196254	43259405	7	350	392	7	0|0	0.971253541146482	NA
chr19	43196533	43259152	7	346	388	6	0|0	0.971253541146482	NA
chr19	43197641	43259405	7	342	387	7	0|0	0.971253541146482	NA
chr2	35750477	35772094	0	112	117	5	0|0	0.971253541146482	NA
chr2	88938052	89031741	4	253	165	5	0|0	0.971253541146482	NA
chr4	68508090	68625327	8	617	15	430	0|0	0.971253541146482	NA
chr4	68508287	68624906	8	611	15	426	0|0	0.971253541146482	NA
chr5	180947525	181003984	5	284	304	8	0|0	0.971253541146482	NA
chrX	1	43555	1	74	5	128	0|0	0.971253541146482	NA
chrX	1	43555	1	74	5	128	0|0	0.971253541146482	NA
chr1	169255724	169276380	2	96	111	0	0|0	0.971253541146481	NA
chr16	6892588	6929530	1	256	0	189	0|0	0.971253541146481	NA
chr2	52524638	52557636	0	166	2	135	0|0	0.971253541146481	NA
chr2	71944814	71957235	2	117	0	81	0|0	0.971253541146481	NA
chr21	44110149	44163580	1	69	3	96	0|0	0.971253541146481	NA
chr4	81548559	81583518	3	188	2	132	0|0	0.971253541146481	NA
chr4	81548559	81585859	3	196	2	134	0|0	0.971253541146481	NA
chr5	180947682	181003715	5	279	302	4	0|0	0.971253541146481	NA
chr5	180947943	181003715	5	275	298	3	0|0	0.971253541146481	NA
chr8	39374358	39530271	3	656	605	7	0|0	0.971253541146481	NA
chr8	39374527	39530271	3	655	604	7	0|0	0.971253541146481	NA
chr8	59730166	59773257	3	182	2	167	0|0	0.971253541146481	NA
chr16	6884270	6931772	2	378	25	236	0|0	0.971253541146479	NA
chr16	55762308	55822120	18	209	145	7	0|0	0.971253541146479	NA
chr20	1581257	1614277	14	177	154	10	0|0	0.971253541146479	NA
chr2	89050325	89225705	49	479	315	33	0|0	0.971253541146472	NA
chr21	22282542	22293448	0	39	0	48	0|0	0.9712535411462	NA
chr6	58449086	58453695	0	38	57	3	0|0	0.971253541146185	NA
chr14	40140959	40148173	0	35	0	37	0|0	0.971253541143224	NA
chr3	10232143	10239164	1	41	0	49	0|0	0.971253541142212	NA
chr7	152877314	152883168	1	39	0	45	0|0	0.971253541129691	NA
chr15	35239451	35242495	0	28	41	0	0|0	0.971253540619585	NA
chrX	44659954	44668630	1	25	4	46	0|0	0.971253325946513	NA
chr13	58012335	58024971	2	24	4	40	0|0	0.971226482719429	NA
chr6	58453706	58783736	0	2	8	1	0|0	0.965986539181992	NA
chr7	56370136	56373625	0	1	0	1	0|0	0.958755992829097	NA
chr7	56370136	56373625	0	1	0	1	0|0	0.958755992829097	NA
chr7	56370136	56375581	0	1	0	1	0|0	0.958755992829097	NA
