chr	start	end	CC_counts_W	CC_counts_C	WC_counts_W	WC_counts_C	genotype	probability	low_read_density
chr1	13070545	13252999	187	150	44	302	0|1	0.999999999709885	NA
chr1	108241201	108460618	448	525	751	48	1|0	1	NA
chr1	120196658	120675585	1006	1095	1547	240	1|0	1	NA
chr10	37101955	37115871	57	88	117	5	1|0	1	NA
chr11	50117524	50364510	1517	1646	30	1925	0|1	1	NA
chr15	30093184	30567975	180	465	631	92	1|0	1	NA
chr16	20498220	20527617	225	189	252	3	1|0	1	NA
chr16	32685729	33335990	1002	976	1226	65	1|0	1	NA
chr17	30616671	30625683	21	15	36	0	1|0	0.999999999364905	NA
chr2	95783947	96048932	1328	1332	81	2020	0|1	1	NA
chr22	18225753	18392989	90	30	121	12	1|0	0.999999999999901	NA
chr22	18796714	18823108	50	41	5	78	0|1	0.999999999999817	NA
chr22	23958345	23982188	45	47	64	9	1|0	0.962577809402608	NA
chr7	5963320	6764009	4455	4875	172	6897	0|1	1	NA
chr7	54223294	54318348	471	492	674	2	1|0	1	NA
chr7	63349330	63381771	76	89	6	126	0|1	1	NA
chr7	97436963	97460181	96	169	10	208	0|1	1	NA
chr8	8017485	8020855	35	14	6	146	0|1	1	NA
chr8	8052589	8065520	27	10	71	3	1|0	0.999999999933381	NA
chr9	66352170	66591883	30	35	2	66	0|1	0.999999999999996	low read density: check for inaccurate inversion coordinates
chr9	123978962	123991190	120	101	1	216	0|1	1	NA
chr1	26641057	26647020	52	2	18	26	1|1	0.999999999979266	NA
chr1	144140056	144882595	1017	50	509	485	1|1	1	NA
chr1	146194656	149250192	23967	871	13378	12907	1|1	1	NA
chr1	248519265	248528963	136	8	59	58	1|1	1	NA
chr10	91443232	91446294	32	0	10	16	1|1	0.999999995157244	NA
chr11	311238	318273	106	1	49	22	1|1	1	NA
chr11	1894071	1915669	342	9	108	112	1|1	1	NA
chr11	4268826	4292549	139	19	47	57	1|1	0.999999245617581	NA
chr11	49715056	49728217	153	2	56	53	1|1	1	NA
chr11	62095606	62100682	37	2	6	10	1|1	0.999999396462857	NA
chr12	17770044	17859281	761	9	454	526	1|1	1	NA
chr12	34816954	34819873	29	1	18	28	1|1	0.999997664480221	NA
chr12	86846106	86858532	69	1	34	38	1|1	1	NA
chr14	34547881	34562301	82	1	22	34	1|1	1	NA
chr15	84212393	84512383	552	63	304	310	1|1	1	NA
chr16	1232437	1253875	209	14	74	89	1|1	1	NA
chr16	14806736	14886823	609	64	184	244	1|1	1	NA
chr16	15031141	15330842	2607	209	950	966	1|1	1	NA
chr16	18381869	18389336	100	7	38	20	1|1	1	NA
chr16	21583174	22463097	10122	344	3312	3482	1|1	1	NA
chr16	34599754	38280303	23596	566	8833	8283	1|1	1	NA
chr16	75206142	75223630	244	12	92	116	1|1	1	NA
chr17	18426930	18557895	668	14	352	325	1|1	1	NA
chr17	43231611	43322798	382	17	249	129	1|1	1	NA
chr18	12144789	12150137	48	5	17	20	1|1	0.99992431496808	NA
chr18	20561581	20839320	690	7	281	236	1|1	1	NA
chr19	38773550	38790935	185	8	91	79	1|1	1	NA
chr2	89532094	89841183	2280	91	720	1289	1|1	1	NA
chr2	97280457	97313885	48	2	30	14	1|1	0.999999999678879	NA
chr2	110069823	110276356	2088	49	869	798	1|1	1	NA
chr2	138247314	138251194	44	0	19	19	1|1	0.999999999998696	NA
chr20	28273339	28507962	51	0	35	11	1|1	0.999999999935318	low read density: check for inaccurate inversion coordinates
chr20	29889888	30424936	3914	343	1799	1770	1|1	1	NA
chr21	5146933	5160802	32	3	12	18	1|1	0.99885986603448	NA
chr21	5392710	6365792	249	11	95	71	1|1	1	low read density: check for inaccurate inversion coordinates
chr21	40024693	40038083	138	7	78	86	1|1	1	NA
chr22	11975749	12279570	1570	185	872	862	1|1	1	NA
chr22	21442971	21491667	319	6	174	185	1|1	1	NA
chr3	162827575	162829807	50	0	29	32	1|1	0.999999999999979	NA
chr3	187414749	187426653	61	2	34	36	1|1	0.999999999999956	NA
chr4	87926012	87937432	110	1	45	56	1|1	1	NA
chr5	49610099	49646225	261	14	252	96	1|1	1	NA
chr5	64470547	64477840	112	11	45	59	1|1	0.999999999999616	NA
chr5	179634597	179655079	203	11	116	104	1|1	1	NA
chr6	106721184	106723159	25	0	10	11	1|1	0.999999414409238	NA
chr7	60884167	61526181	3205	288	1306	1272	1|1	1	NA
chr7	62154078	62292045	962	143	521	290	1|1	1	NA
chr7	62374088	62384939	105	7	31	31	1|1	1	NA
chr7	62410439	62454315	656	61	253	264	1|1	1	NA
chr7	62454884	62456779	46	0	17	22	1|1	0.999999999999669	NA
chr7	70961199	70973830	289	3	92	94	1|1	1	NA
chr7	144204640	144296209	409	52	254	111	1|1	1	NA
chr8	7940114	12112981	22921	450	30193	33147	1|1	1	NA
chr8	12226971	12393369	208	5	375	178	1|1	1	NA
chr9	39604299	39619194	40	3	29	18	1|1	0.999995241593615	NA
chr9	39824181	40197664	502	35	231	297	1|1	1	NA
chr9	42307555	42349609	170	8	107	87	1|1	1	NA
chr9	60518571	60893069	677	17	351	314	1|1	1	NA
chr9	61317366	61464035	243	4	116	114	1|1	1	NA
chr9	63423043	64317673	4332	391	2283	2385	1|1	1	NA
chrX	52499171	52510618	166	5	0	0	1	1	NA
chrX	52904113	52935838	182	1	0	0	1	1	NA
chrX	55457117	55516109	227	14	0	0	1	1	NA
chrX	73004382	73077743	959	13	0	0	1	1	NA
chrX	101602047	101611656	94	0	0	0	1	1	NA
chrX	103987502	104062901	994	18	0	0	1	1	NA
chrX	115726295	115729652	35	1	0	0	1	0.999999987626162	NA
chrX	135147447	135247901	927	23	0	0	1	1	NA
chrX	149678355	149744968	753	49	0	12	1	1	NA
chrX	153148416	153270263	1439	53	13	2	1	1	NA
chrY	14019590	14049213	64	8	0	0	1	0.999899887436908	NA
chrY	18172892	18292282	43	3	0	0	1	0.999999803173045	low read density: check for inaccurate inversion coordinates
chrY	20060965	20083032	468	5	0	0	1	1	NA
chrY	21063257	21065044	29	0	0	0	1	0.999999987790016	NA
chrY	21750315	21764256	78	2	0	0	1	1	NA
chr8	7900530	7944891	19	110	284	49	0|0	0.94471799898634	NA
chr8	7889358	7968936	26	141	302	103	0|0	0.939529755825135	NA
chr7	24357174	24358817	16	80	39	42	0|0	0.939528581341913	NA
chr7	24358826	24361204	16	80	38	41	0|0	0.939528581341913	NA
chr6	49741610	49743335	7	24	18	40	0|0	0.939527443051576	NA
chr6	93581501	93582891	9	34	25	38	0|0	0.939527099080632	NA
chr8	7602606	7766225	12	51	48	151	0|0	0.939527040767164	NA
chr21	5154303	17114352	11081	53556	23823	25842	0|0	0.93952698600058	NA
chrX	1	6591767	16443	98567	23	579	0	0.93952698600058	NA
chrX	1	6591767	16443	98567	23	579	0	0.93952698600058	NA
chrX	1	6591767	16443	98567	23	579	0	0.93952698600058	NA
chrX	94830	2675091	15077	47646	18	313	0	0.93952698600058	NA
chr1	15781711	17016971	2590	12854	8295	8522	0|0	0.939526986000152	NA
chr11	49729403	50364510	1567	7253	1884	3680	0|0	0.939526986000152	NA
chrX	155042162	156040895	2610	12905	70	123	0	0.939526986000152	NA
chrX	155042162	156040895	2610	12905	70	123	0	0.939526986000152	NA
chr14	1	19395227	2538	5229	2969	2383	0|0	0.939526986000046	NA
chr2	91405987	94291888	3195	6804	4051	4348	0|0	0.939526986000046	NA
chr5	138667842	138671137	19	71	46	48	0|0	0.939526986000016	NA
chr1	125173738	143314872	66	258	130	155	0|0	0.939526986000006	NA
chr10	28327915	28353302	111	349	226	256	0|0	0.939526986000006	NA
chr14	19436340	19687631	366	636	207	496	0|0	0.939526986000006	NA
chr14	73534799	73557328	65	210	41	130	0|0	0.939526986000006	NA
chr14	77794047	77814731	156	447	201	155	0|0	0.939526986000006	NA
chr15	17026727	17503707	304	580	660	453	0|0	0.939526986000006	NA
chr15	30162562	30479744	129	163	276	64	0|0	0.939526986000006	NA
chr16	14806736	15031135	866	394	345	467	0|0	0.939526986000006	NA
chr17	16752833	16845228	788	437	719	613	0|0	0.939526986000006	NA
chr17	36109569	36333176	396	642	698	339	0|0	0.939526986000006	NA
chr17	36109569	36336604	396	642	698	339	0|0	0.939526986000006	NA
chr2	91407090	91643064	1825	1212	1086	1452	0|0	0.939526986000006	NA
chr21	5380200	6374641	336	74	144	112	0|0	0.939526986000006	NA
chr21	7228730	10814398	9137	10584	7633	7450	0|0	0.939526986000006	NA
chr22	15664521	15863333	424	977	675	720	0|0	0.939526986000006	NA
chr22	18345900	18645256	306	101	229	162	0|0	0.939526986000006	NA
chr22	21423312	21523761	386	79	260	261	0|0	0.939526986000006	NA
chr3	195616006	195730108	525	922	785	1097	0|0	0.939526986000006	NA
chr3	195616006	195742268	525	1076	890	1179	0|0	0.939526986000006	NA
chr4	49290267	49658045	958	946	1163	683	0|0	0.939526986000006	NA
chr4	49290267	49658045	958	946	1163	683	0|0	0.939526986000006	NA
chr6	257437	382647	404	920	1115	972	0|0	0.939526986000006	NA
chr7	56924046	57083900	333	699	496	339	0|0	0.939526986000006	NA
chr7	61525973	61814445	528	854	368	658	0|0	0.939526986000006	NA
chr7	61585277	61812259	523	844	365	652	0|0	0.939526986000006	NA
chr7	61585277	61814445	528	854	368	658	0|0	0.939526986000006	NA
chr7	70952616	70973698	290	59	119	125	0|0	0.939526986000006	NA
chr7	143525083	143862092	320	648	386	396	0|0	0.939526986000006	NA
chr8	7950026	8025888	70	21	66	221	0|0	0.939526986000006	NA
chr8	12177256	12392748	280	93	591	345	0|0	0.939526986000006	NA
chr8	12398830	12602556	364	785	1725	1243	0|0	0.939526986000006	NA
chr8	73878663	73902920	72	279	158	159	0|0	0.939526986000006	NA
chr9	123969529	123993401	122	287	69	292	0|0	0.939526986000006	NA
chr9	123979001	124004285	123	235	81	280	0|0	0.939526986000006	NA
chr1	1	502585	496	471	542	481	0|0	0.939526986000001	NA
chr1	1	509511	501	479	548	488	0|0	0.939526986000001	NA
chr1	6304319	6304338	21	31	22	47	0|0	0.939526986000001	NA
chr1	12136649	12136671	28	17	16	34	0|0	0.939526986000001	NA
chr1	17465521	17467091	45	70	50	58	0|0	0.939526986000001	NA
chr1	22210390	22215302	131	184	151	183	0|0	0.939526986000001	NA
chr1	22213194	22215302	130	125	114	147	0|0	0.939526986000001	NA
chr1	22215260	22215302	130	113	106	141	0|0	0.939526986000001	NA
chr1	23907976	23908963	21	38	15	38	0|0	0.939526986000001	NA
chr1	24732905	24733811	68	65	51	93	0|0	0.939526986000001	NA
chr1	24733791	24733810	68	61	46	90	0|0	0.939526986000001	NA
chr1	27932949	27933801	33	16	24	28	0|0	0.939526986000001	NA
chr1	31186055	31186081	81	75	62	45	0|0	0.939526986000001	NA
chr1	35628579	35628603	80	71	63	92	0|0	0.939526986000001	NA
chr1	35628579	35628603	80	71	63	92	0|0	0.939526986000001	NA
chr1	42248536	42248558	42	25	29	36	0|0	0.939526986000001	NA
chr1	52292465	52295761	92	112	87	109	0|0	0.939526986000001	NA
chr1	65571637	65571993	22	31	13	27	0|0	0.939526986000001	NA
chr1	71839159	71839182	26	23	17	32	0|0	0.939526986000001	NA
chr1	77786556	77791276	54	97	84	62	0|0	0.939526986000001	NA
chr1	103627501	103749517	61	89	58	69	0|0	0.939526986000001	NA
chr1	105013386	105013561	28	56	33	36	0|0	0.939526986000001	NA
chr1	112680657	112680687	55	42	28	47	0|0	0.939526986000001	NA
chr1	112680657	112680687	55	42	28	47	0|0	0.939526986000001	NA
chr1	113079737	113081007	87	88	73	47	0|0	0.939526986000001	NA
chr1	148208647	148240484	75	85	101	78	0|0	0.939526986000001	NA
chr1	148640035	148887086	111	152	112	131	0|0	0.939526986000001	NA
chr1	151251438	151251472	36	62	40	35	0|0	0.939526986000001	NA
chr1	154390108	154390130	53	74	46	40	0|0	0.939526986000001	NA
chr1	167470505	167470537	43	33	43	22	0|0	0.939526986000001	NA
chr1	171459394	171459416	40	29	36	20	0|0	0.939526986000001	NA
chr1	173936516	173936726	104	102	65	90	0|0	0.939526986000001	NA
chr1	180584049	180584078	29	26	29	13	0|0	0.939526986000001	NA
chr1	200533120	200535134	48	66	39	47	0|0	0.939526986000001	NA
chr1	230870810	230872071	46	89	53	36	0|0	0.939526986000001	NA
chr10	11057420	11058092	61	63	42	64	0|0	0.939526986000001	NA
chr10	13402982	13403003	47	65	48	63	0|0	0.939526986000001	NA
chr10	28711752	28711772	37	32	47	25	0|0	0.939526986000001	NA
chr10	34914141	34914163	55	77	49	60	0|0	0.939526986000001	NA
chr10	35303779	35303804	127	110	120	98	0|0	0.939526986000001	NA
chr10	35303779	35303804	127	110	120	98	0|0	0.939526986000001	NA
chr10	58400370	58400399	112	70	92	86	0|0	0.939526986000001	NA
chr10	61652163	61652194	26	40	23	39	0|0	0.939526986000001	NA
chr10	72595474	72601453	53	77	57	53	0|0	0.939526986000001	NA
chr10	72601424	72601453	52	34	39	32	0|0	0.939526986000001	NA
chr10	73845578	73845603	71	101	86	79	0|0	0.939526986000001	NA
chr10	93292127	93292152	105	80	80	68	0|0	0.939526986000001	NA
chr10	97691686	97691710	84	40	48	42	0|0	0.939526986000001	NA
chr10	99770953	99773654	37	27	36	22	0|0	0.939526986000001	NA
chr10	106725934	106725958	63	84	60	85	0|0	0.939526986000001	NA
chr10	106725934	106725958	63	84	60	85	0|0	0.939526986000001	NA
chr10	120127759	120128811	43	77	49	72	0|0	0.939526986000001	NA
chr10	124416861	124416887	58	27	59	38	0|0	0.939526986000001	NA
chr11	13414842	13414875	44	54	26	14	0|0	0.939526986000001	NA
chr11	18557013	18557111	33	40	32	14	0|0	0.939526986000001	NA
chr11	27267617	27267829	46	53	40	21	0|0	0.939526986000001	NA
chr11	27267617	27268357	48	72	47	33	0|0	0.939526986000001	NA
chr11	34298081	34298731	62	54	24	38	0|0	0.939526986000001	NA
chr11	49702349	49728126	157	179	106	104	0|0	0.939526986000001	NA
chr11	83720295	83720331	126	99	43	82	0|0	0.939526986000001	NA
chr11	83720731	83724380	126	145	54	100	0|0	0.939526986000001	NA
chr11	89859927	89968136	213	225	133	123	0|0	0.939526986000001	NA
chr11	100733826	100733858	74	66	24	60	0|0	0.939526986000001	NA
chr11	100733826	100733858	74	66	24	60	0|0	0.939526986000001	NA
chr11	112249961	112249996	36	46	45	24	0|0	0.939526986000001	NA
chr11	125415055	125417486	98	127	72	84	0|0	0.939526986000001	NA
chr12	17706986	17707016	55	47	42	62	0|0	0.939526986000001	NA
chr12	22585380	22588096	74	75	113	89	0|0	0.939526986000001	NA
chr12	22585990	22588294	73	72	112	87	0|0	0.939526986000001	NA
chr12	22587205	22588294	73	62	105	82	0|0	0.939526986000001	NA
chr12	22588359	22597817	71	104	132	113	0|0	0.939526986000001	NA
chr12	31396048	31401521	66	89	108	96	0|0	0.939526986000001	NA
chr12	34772228	37235446	30	65	53	62	0|0	0.939526986000001	NA
chr12	34817678	34840791	22	58	44	55	0|0	0.939526986000001	NA
chr12	48570973	48571004	36	25	34	47	0|0	0.939526986000001	NA
chr12	49493390	49495115	48	65	80	72	0|0	0.939526986000001	NA
chr12	80452229	80464236	50	30	66	43	0|0	0.939526986000001	NA
chr12	86836529	86866490	71	88	76	87	0|0	0.939526986000001	NA
chr12	89373687	89373712	79	96	99	88	0|0	0.939526986000001	NA
chr12	89373687	89373712	79	96	99	88	0|0	0.939526986000001	NA
chr12	92124205	92124222	77	52	67	87	0|0	0.939526986000001	NA
chr12	92124597	92129466	77	93	80	108	0|0	0.939526986000001	NA
chr12	94145247	94145278	37	24	47	29	0|0	0.939526986000001	NA
chr12	98619874	98619904	65	47	63	74	0|0	0.939526986000001	NA
chr12	98641660	98647478	65	114	96	96	0|0	0.939526986000001	NA
chr12	104256407	104256820	44	51	62	42	0|0	0.939526986000001	NA
chr12	131294826	131313083	120	141	159	148	0|0	0.939526986000001	NA
chr12	133140205	133140235	91	52	74	80	0|0	0.939526986000001	NA
chr13	41959286	41959521	49	35	44	34	0|0	0.939526986000001	NA
chr13	45272418	45272456	29	47	32	38	0|0	0.939526986000001	NA
chr13	45272917	45274750	29	53	35	44	0|0	0.939526986000001	NA
chr13	47350968	47350989	30	14	17	28	0|0	0.939526986000001	NA
chr13	52256213	52292540	148	211	153	187	0|0	0.939526986000001	NA
chr13	52266239	52288900	138	128	117	138	0|0	0.939526986000001	NA
chr13	52353639	52361078	55	91	83	75	0|0	0.939526986000001	NA
chr13	52360405	52361080	54	32	48	43	0|0	0.939526986000001	NA
chr13	52360734	52361078	54	27	45	43	0|0	0.939526986000001	NA
chr13	104404827	104407366	33	55	63	53	0|0	0.939526986000001	NA
chr13	106976239	106976258	96	49	72	82	0|0	0.939526986000001	NA
chr13	108543645	108543670	66	27	48	38	0|0	0.939526986000001	NA
chr14	21144186	21144207	47	38	32	19	0|0	0.939526986000001	NA
chr14	34159550	34159573	59	45	51	31	0|0	0.939526986000001	NA
chr14	34159550	34159573	59	45	51	31	0|0	0.939526986000001	NA
chr14	39142889	39146576	78	81	55	38	0|0	0.939526986000001	NA
chr14	50737116	50737520	24	39	16	30	0|0	0.939526986000001	NA
chr14	52491012	52491037	27	43	15	32	0|0	0.939526986000001	NA
chr14	63389434	63397537	48	89	59	47	0|0	0.939526986000001	NA
chr14	65386505	65386539	34	16	12	12	0|0	0.939526986000001	NA
chr14	74268856	74268875	44	51	24	41	0|0	0.939526986000001	NA
chr14	74310526	74311416	95	116	53	70	0|0	0.939526986000001	NA
chr14	75433194	75433352	110	97	61	46	0|0	0.939526986000001	NA
chr14	75433194	75433352	110	97	61	46	0|0	0.939526986000001	NA
chr14	91135575	91135682	106	93	71	48	0|0	0.939526986000001	NA
chr14	100364168	100365607	90	104	45	66	0|0	0.939526986000001	NA
chr14	103649564	103649588	75	61	43	28	0|0	0.939526986000001	NA
chr15	19996129	20005491	28	51	38	50	0|0	0.939526986000001	NA
chr15	23123514	23364362	165	103	131	158	0|0	0.939526986000001	NA
chr15	35024682	35036339	34	65	47	53	0|0	0.939526986000001	NA
chr15	37337803	37337819	28	28	33	17	0|0	0.939526986000001	NA
chr15	45437116	45437138	58	55	42	69	0|0	0.939526986000001	NA
chr15	50759744	50766533	48	81	52	74	0|0	0.939526986000001	NA
chr15	61768834	61776201	63	100	60	80	0|0	0.939526986000001	NA
chr15	61776173	61776201	60	47	35	49	0|0	0.939526986000001	NA
chr15	63692798	63696949	45	69	72	70	0|0	0.939526986000001	NA
chr15	72638995	72670134	60	81	50	72	0|0	0.939526986000001	NA
chr15	75273838	75279139	86	41	66	63	0|0	0.939526986000001	NA
chr15	84424294	84512754	98	56	72	96	0|0	0.939526986000001	NA
chr15	90277607	90277625	29	19	13	27	0|0	0.939526986000001	NA
chr15	90977338	90978040	20	36	31	37	0|0	0.939526986000001	NA
chr15	93342467	93345880	57	90	84	62	0|0	0.939526986000001	NA
chr15	98098309	98098340	23	21	15	38	0|0	0.939526986000001	NA
chr16	4628761	4630381	52	78	38	42	0|0	0.939526986000001	NA
chr16	21398660	21582579	1145	1004	726	754	0|0	0.939526986000001	NA
chr16	21398660	21582579	1145	1004	726	754	0|0	0.939526986000001	NA
chr16	24432681	24432711	88	76	59	43	0|0	0.939526986000001	NA
chr16	25022393	25024750	38	61	34	35	0|0	0.939526986000001	NA
chr16	63113014	63116107	42	65	39	40	0|0	0.939526986000001	NA
chr16	63115861	63115883	42	39	20	35	0|0	0.939526986000001	NA
chr16	68814716	68818268	65	109	67	95	0|0	0.939526986000001	NA
chr16	68818241	68818268	64	66	51	74	0|0	0.939526986000001	NA
chr16	68818330	68820727	64	98	59	83	0|0	0.939526986000001	NA
chr16	69538193	69541351	52	87	55	71	0|0	0.939526986000001	NA
chr16	69541188	69541219	52	61	48	65	0|0	0.939526986000001	NA
chr16	69541188	69541219	52	61	48	65	0|0	0.939526986000001	NA
chr16	71719610	71719731	109	111	80	102	0|0	0.939526986000001	NA
chr16	71719610	71719731	109	111	80	102	0|0	0.939526986000001	NA
chr16	71719957	71723443	109	136	89	112	0|0	0.939526986000001	NA
chr16	74355516	74359585	69	112	67	66	0|0	0.939526986000001	NA
chr16	74358958	74359585	44	66	39	39	0|0	0.939526986000001	NA
chr16	74882810	74882836	28	13	20	13	0|0	0.939526986000001	NA
chr16	77900693	77900722	94	100	72	90	0|0	0.939526986000001	NA
chr16	77900693	77900722	94	100	72	90	0|0	0.939526986000001	NA
chr16	77901148	77904811	94	124	86	104	0|0	0.939526986000001	NA
chr16	78033415	78033435	75	67	40	75	0|0	0.939526986000001	NA
chr17	7145572	7150110	59	102	48	71	0|0	0.939526986000001	NA
chr17	16752833	16805414	315	337	370	344	0|0	0.939526986000001	NA
chr17	16752833	16805414	315	337	370	344	0|0	0.939526986000001	NA
chr17	42341415	42343196	51	44	59	42	0|0	0.939526986000001	NA
chr17	46350560	46623338	61	105	60	71	0|0	0.939526986000001	NA
chr17	51053773	51060535	59	110	82	69	0|0	0.939526986000001	NA
chr17	63659057	63662269	101	130	115	108	0|0	0.939526986000001	NA
chr17	63662455	63666166	100	153	119	111	0|0	0.939526986000001	NA
chr17	66731765	66732870	31	48	28	34	0|0	0.939526986000001	NA
chr17	78923485	78926732	72	114	74	85	0|0	0.939526986000001	NA
chr18	21428199	21428234	52	32	46	43	0|0	0.939526986000001	NA
chr18	21428199	21428234	52	32	46	43	0|0	0.939526986000001	NA
chr18	31820621	31820845	55	70	38	50	0|0	0.939526986000001	NA
chr18	31820829	31820846	55	69	36	48	0|0	0.939526986000001	NA
chr18	49466414	49466741	27	45	26	32	0|0	0.939526986000001	NA
chr19	773232	774124	14	32	17	20	0|0	0.939526986000001	NA
chr19	8616283	8616311	85	96	49	73	0|0	0.939526986000001	NA
chr19	9643045	9643067	46	55	43	61	0|0	0.939526986000001	NA
chr19	9808477	9808812	35	20	28	13	0|0	0.939526986000001	NA
chr19	11291756	11293740	47	82	64	37	0|0	0.939526986000001	NA
chr19	11695650	11695682	54	31	47	27	0|0	0.939526986000001	NA
chr19	35883783	35883817	68	65	59	38	0|0	0.939526986000001	NA
chr19	38757772	38791473	192	120	138	133	0|0	0.939526986000001	NA
chr19	40787973	40788511	25	28	43	25	0|0	0.939526986000001	NA
chr19	40788377	40788511	24	24	41	24	0|0	0.939526986000001	NA
chr19	43829405	43833053	53	72	55	44	0|0	0.939526986000001	NA
chr19	47284575	47287815	40	66	34	45	0|0	0.939526986000001	NA
chr19	47287789	47287815	40	35	25	41	0|0	0.939526986000001	NA
chr19	48652761	48652800	80	83	97	60	0|0	0.939526986000001	NA
chr19	50080738	50080762	68	78	84	39	0|0	0.939526986000001	NA
chr19	56054985	56055418	104	116	68	119	0|0	0.939526986000001	NA
chr2	37121606	37122154	119	99	81	119	0|0	0.939526986000001	NA
chr2	38385243	38385262	44	19	16	26	0|0	0.939526986000001	NA
chr2	42449470	42449492	28	15	15	28	0|0	0.939526986000001	NA
chr2	47381752	47383330	87	50	50	62	0|0	0.939526986000001	NA
chr2	68303549	68304246	34	20	19	26	0|0	0.939526986000001	NA
chr2	75944247	75944274	73	49	30	35	0|0	0.939526986000001	NA
chr2	75944247	75944274	73	49	30	35	0|0	0.939526986000001	NA
chr2	85348632	85348656	24	40	27	21	0|0	0.939526986000001	NA
chr2	88021672	88021708	76	58	72	54	0|0	0.939526986000001	NA
chr2	94189405	94291888	1051	1077	877	872	0|0	0.939526986000001	NA
chr2	96096049	96096316	62	45	46	29	0|0	0.939526986000001	NA
chr2	96096049	96096316	62	45	46	29	0|0	0.939526986000001	NA
chr2	97393741	97490533	70	44	54	39	0|0	0.939526986000001	NA
chr2	99219222	99219248	50	89	65	72	0|0	0.939526986000001	NA
chr2	110664028	110664048	45	23	25	36	0|0	0.939526986000001	NA
chr2	130560434	130585792	104	85	67	81	0|0	0.939526986000001	NA
chr2	138247315	138256106	45	23	29	34	0|0	0.939526986000001	NA
chr2	169533862	169534216	21	36	33	21	0|0	0.939526986000001	NA
chr2	171818462	171820756	80	74	95	72	0|0	0.939526986000001	NA
chr2	171820729	171820757	80	64	87	69	0|0	0.939526986000001	NA
chr2	179663713	179663739	42	80	63	51	0|0	0.939526986000001	NA
chr2	206245985	206246013	52	88	61	76	0|0	0.939526986000001	NA
chr2	207611632	207612066	35	75	63	52	0|0	0.939526986000001	NA
chr2	211913381	211914071	35	74	39	36	0|0	0.939526986000001	NA
chr2	211914247	211915699	35	71	38	39	0|0	0.939526986000001	NA
chr2	218708495	218708517	19	39	22	17	0|0	0.939526986000001	NA
chr2	229259051	229260052	19	41	53	52	0|0	0.939526986000001	NA
chr2	229307317	229311135	56	60	40	61	0|0	0.939526986000001	NA
chr2	241713002	241713021	73	36	65	55	0|0	0.939526986000001	NA
chr20	28557509	30424935	10261	10447	9113	9280	0|0	0.939526986000001	NA
chr20	32409471	32411052	70	86	40	60	0|0	0.939526986000001	NA
chr20	32410959	32411069	70	71	34	56	0|0	0.939526986000001	NA
chr20	37000863	37001946	77	92	85	57	0|0	0.939526986000001	NA
chr20	37000863	37001946	77	92	85	57	0|0	0.939526986000001	NA
chr20	41499433	41504108	57	99	57	56	0|0	0.939526986000001	NA
chr20	47594668	47594705	65	81	46	64	0|0	0.939526986000001	NA
chr20	54926584	54926622	48	58	60	37	0|0	0.939526986000001	NA
chr20	55083335	55083359	33	40	26	56	0|0	0.939526986000001	NA
chr21	5154303	5379444	697	725	563	517	0|0	0.939526986000001	NA
chr21	5154303	5392361	728	751	586	528	0|0	0.939526986000001	NA
chr21	26193418	26193446	94	66	70	57	0|0	0.939526986000001	NA
chr21	26193545	26193750	94	67	70	58	0|0	0.939526986000001	NA
chr21	36200696	36201119	23	42	25	29	0|0	0.939526986000001	NA
chr21	38444727	38444749	31	53	36	42	0|0	0.939526986000001	NA
chr21	40024694	40049899	141	217	166	163	0|0	0.939526986000001	NA
chr22	17274131	17274158	28	13	16	19	0|0	0.939526986000001	NA
chr22	18570150	18884838	267	293	315	281	0|0	0.939526986000001	NA
chr22	18651371	18884838	160	227	228	191	0|0	0.939526986000001	NA
chr22	21262695	21329483	64	50	78	62	0|0	0.939526986000001	NA
chr22	31787808	31794920	39	74	71	59	0|0	0.939526986000001	NA
chr22	50790918	50818468	128	201	152	164	0|0	0.939526986000001	NA
chr3	13431215	13431239	68	54	56	70	0|0	0.939526986000001	NA
chr3	73689916	73689946	40	52	49	68	0|0	0.939526986000001	NA
chr3	113807368	113808161	80	90	107	124	0|0	0.939526986000001	NA
chr3	157214535	157214819	46	78	83	77	0|0	0.939526986000001	NA
chr3	157214543	157214816	46	77	83	77	0|0	0.939526986000001	NA
chr3	157214934	157215434	46	79	83	77	0|0	0.939526986000001	NA
chr3	168941564	168941594	25	34	45	21	0|0	0.939526986000001	NA
chr3	193676454	193677004	28	27	62	32	0|0	0.939526986000001	NA
chr4	39948212	39948236	89	114	80	133	0|0	0.939526986000001	NA
chr4	43546765	43546791	38	26	46	25	0|0	0.939526986000001	NA
chr4	55355457	55355477	36	45	29	51	0|0	0.939526986000001	NA
chr4	57199139	57199161	86	51	66	54	0|0	0.939526986000001	NA
chr4	85083285	85083374	36	55	34	39	0|0	0.939526986000001	NA
chr4	85083659	85085458	36	71	38	53	0|0	0.939526986000001	NA
chr4	96128800	96133557	49	68	54	54	0|0	0.939526986000001	NA
chr4	119348111	119348133	41	79	38	57	0|0	0.939526986000001	NA
chr4	134050708	134050731	66	48	36	28	0|0	0.939526986000001	NA
chr4	151265354	151265376	59	77	42	69	0|0	0.939526986000001	NA
chr4	151265354	151265376	59	77	42	69	0|0	0.939526986000001	NA
chr4	161948124	161948319	32	47	23	39	0|0	0.939526986000001	NA
chr4	168749402	168749422	35	35	39	20	0|0	0.939526986000001	NA
chr4	173732316	173732337	50	28	32	21	0|0	0.939526986000001	NA
chr4	177520573	177520598	66	108	48	68	0|0	0.939526986000001	NA
chr4	190178788	190214555	102	120	100	65	0|0	0.939526986000001	NA
chr5	17518893	17599327	127	149	143	171	0|0	0.939526986000001	NA
chr5	54071171	54071190	25	41	36	40	0|0	0.939526986000001	NA
chr5	69593939	70894849	157	183	169	173	0|0	0.939526986000001	NA
chr5	69593939	70894849	157	183	169	173	0|0	0.939526986000001	NA
chr5	70037632	71033831	114	112	129	105	0|0	0.939526986000001	NA
chr5	98271930	98272720	43	59	45	54	0|0	0.939526986000001	NA
chr5	137864130	137865856	20	16	40	20	0|0	0.939526986000001	NA
chr5	154655106	154656199	42	54	55	40	0|0	0.939526986000001	NA
chr5	177846587	177884070	112	96	106	96	0|0	0.939526986000001	NA
chr5	179624229	179665814	211	153	187	187	0|0	0.939526986000001	NA
chr6	3990204	3990234	84	54	131	107	0|0	0.939526986000001	NA
chr6	3990353	3991142	84	65	137	117	0|0	0.939526986000001	NA
chr6	19005284	19005317	33	24	74	47	0|0	0.939526986000001	NA
chr6	25130125	25130150	40	67	98	110	0|0	0.939526986000001	NA
chr6	27614726	27616866	20	36	29	40	0|0	0.939526986000001	NA
chr6	32526284	32526307	26	42	67	63	0|0	0.939526986000001	NA
chr6	33549798	33549828	32	14	30	27	0|0	0.939526986000001	NA
chr6	36583696	36584018	23	41	63	56	0|0	0.939526986000001	NA
chr6	79706840	79706862	21	40	28	37	0|0	0.939526986000001	NA
chr6	82836408	82836507	32	16	48	42	0|0	0.939526986000001	NA
chr6	108190817	108190839	45	27	54	45	0|0	0.939526986000001	NA
chr6	109417170	109417191	39	65	71	78	0|0	0.939526986000001	NA
chr6	113416457	113416494	46	22	51	45	0|0	0.939526986000001	NA
chr6	113679978	113679999	33	22	50	36	0|0	0.939526986000001	NA
chr6	128691030	128692335	37	27	50	34	0|0	0.939526986000001	NA
chr6	128692308	128692329	37	22	41	31	0|0	0.939526986000001	NA
chr6	138849358	138851035	20	45	35	42	0|0	0.939526986000001	NA
chr6	138851479	138852636	18	35	29	34	0|0	0.939526986000001	NA
chr6	154415099	154415133	51	76	72	76	0|0	0.939526986000001	NA
chr6	154415099	154415133	51	76	72	76	0|0	0.939526986000001	NA
chr6	154697175	154697193	44	78	76	96	0|0	0.939526986000001	NA
chr6	156092230	156094806	132	118	159	138	0|0	0.939526986000001	NA
chr6	157411753	157416703	43	59	62	53	0|0	0.939526986000001	NA
chr6	157415048	157416704	42	27	40	28	0|0	0.939526986000001	NA
chr6	157416666	157416703	42	18	36	28	0|0	0.939526986000001	NA
chr6	157725135	157730242	50	94	87	76	0|0	0.939526986000001	NA
chr6	159629157	159629179	38	67	49	84	0|0	0.939526986000001	NA
chr6	166468788	166468883	65	105	96	107	0|0	0.939526986000001	NA
chr7	21726865	21726895	21	14	13	25	0|0	0.939526986000001	NA
chr7	55766085	55766754	26	49	44	52	0|0	0.939526986000001	NA
chr7	56067037	56067921	62	32	46	42	0|0	0.939526986000001	NA
chr7	61276918	61323508	74	54	50	53	0|0	0.939526986000001	NA
chr7	62070247	62153757	71	81	66	50	0|0	0.939526986000001	NA
chr7	62385449	62408556	271	241	199	220	0|0	0.939526986000001	NA
chr7	62454598	62456710	93	66	47	54	0|0	0.939526986000001	NA
chr7	71977927	71977959	47	71	51	46	0|0	0.939526986000001	NA
chr7	74132226	74132259	83	53	50	47	0|0	0.939526986000001	NA
chr7	101142286	101151692	138	183	106	153	0|0	0.939526986000001	NA
chr7	101837972	101841732	105	76	80	100	0|0	0.939526986000001	NA
chr7	102344188	102359681	51	30	46	33	0|0	0.939526986000001	NA
chr7	102344188	102360315	52	32	48	36	0|0	0.939526986000001	NA
chr7	102578447	102579075	54	84	60	68	0|0	0.939526986000001	NA
chr7	122964813	122964833	22	39	31	25	0|0	0.939526986000001	NA
chr7	128973737	128973824	64	33	31	48	0|0	0.939526986000001	NA
chr7	129649805	129658621	46	79	50	54	0|0	0.939526986000001	NA
chr7	129658595	129658621	44	24	23	37	0|0	0.939526986000001	NA
chr7	130233622	130233653	31	46	50	35	0|0	0.939526986000001	NA
chr7	135191606	135191634	25	51	33	27	0|0	0.939526986000001	NA
chr7	138100092	138100127	63	46	35	43	0|0	0.939526986000001	NA
chr7	138100092	138100127	63	46	35	43	0|0	0.939526986000001	NA
chr7	138740099	138740122	27	13	19	24	0|0	0.939526986000001	NA
chr7	148873493	148873515	70	46	50	57	0|0	0.939526986000001	NA
chr7	158660098	158660118	78	38	37	49	0|0	0.939526986000001	NA
chr8	4912124	4912155	25	16	65	32	0|0	0.939526986000001	NA
chr8	22582051	22583893	22	43	20	44	0|0	0.939526986000001	NA
chr8	30669800	30669829	39	24	42	31	0|0	0.939526986000001	NA
chr8	41419163	41419190	42	30	52	32	0|0	0.939526986000001	NA
chr8	60544063	60544086	35	51	24	48	0|0	0.939526986000001	NA
chr8	67003095	67003191	31	35	39	19	0|0	0.939526986000001	NA
chr8	69313704	69313723	58	53	80	45	0|0	0.939526986000001	NA
chr8	84615338	84615359	93	118	59	106	0|0	0.939526986000001	NA
chr8	95114669	95115367	53	53	64	25	0|0	0.939526986000001	NA
chr8	95115055	95115078	53	49	61	25	0|0	0.939526986000001	NA
chr8	109093851	109093879	36	31	37	17	0|0	0.939526986000001	NA
chr9	6487592	6488314	20	31	40	22	0|0	0.939526986000001	NA
chr9	19282551	19282581	95	67	78	80	0|0	0.939526986000001	NA
chr9	21946743	21946770	29	15	23	29	0|0	0.939526986000001	NA
chr9	27548497	27550679	18	33	23	34	0|0	0.939526986000001	NA
chr9	34854188	34856606	146	97	126	105	0|0	0.939526986000001	NA
chr9	39599468	39821587	148	200	203	186	0|0	0.939526986000001	NA
chr9	39604299	39822267	144	195	196	181	0|0	0.939526986000001	NA
chr9	40196373	42264775	5074	5388	5285	5328	0|0	0.939526986000001	NA
chr9	40262519	42568216	5976	6285	6241	6216	0|0	0.939526986000001	NA
chr9	42349897	42659475	751	741	759	752	0|0	0.939526986000001	NA
chr9	60770587	61317172	305	248	313	334	0|0	0.939526986000001	NA
chr9	60892882	61215053	222	204	250	254	0|0	0.939526986000001	NA
chr9	65048365	65245456	242	197	261	249	0|0	0.939526986000001	NA
chr9	71581568	71581599	56	81	74	86	0|0	0.939526986000001	NA
chr9	71581568	71581599	56	81	74	86	0|0	0.939526986000001	NA
chr9	81749187	81750825	58	38	56	38	0|0	0.939526986000001	NA
chr9	81822170	81822200	34	18	35	26	0|0	0.939526986000001	NA
chr9	84019944	84019968	26	42	29	34	0|0	0.939526986000001	NA
chr9	110433366	110433397	35	19	28	19	0|0	0.939526986000001	NA
chr9	124924637	124927107	129	79	94	105	0|0	0.939526986000001	NA
chr9	125245793	125248647	72	115	81	87	0|0	0.939526986000001	NA
chr9	125248715	125249212	71	91	75	86	0|0	0.939526986000001	NA
chr9	130686491	130686524	35	51	39	60	0|0	0.939526986000001	NA
chrX	21995150	21995574	99	145	0	0	0	0.939526986000001	NA
chrX	53242435	53245474	72	115	0	0	0	0.939526986000001	NA
chr1	122033868	122503059	0	0	0	0	0|0	0.939526986	NA
chr1	122033868	122503059	0	0	0	0	0|0	0.939526986	NA
chr1	122033868	122503059	0	0	0	0	0|0	0.939526986	NA
chr1	122284878	122307579	0	0	0	0	0|0	0.939526986	NA
chr1	122503582	123011841	0	0	0	0	0|0	0.939526986	NA
chr1	122503582	123146581	0	0	0	0	0|0	0.939526986	NA
chr1	122503582	124739706	0	0	0	0	0|0	0.939526986	NA
chr1	123056690	123143757	0	0	0	0	0|0	0.939526986	NA
chr1	123149628	123679560	0	0	0	0	0|0	0.939526986	NA
chr1	123149628	124375368	0	0	0	0	0|0	0.939526986	NA
chr1	123688132	124376864	0	0	0	0	0|0	0.939526986	NA
chr1	124418549	124740527	0	0	0	0	0|0	0.939526986	NA
chr1	124469086	124601668	0	0	0	0	0|0	0.939526986	NA
chr1	124617182	124763126	0	0	0	0	0|0	0.939526986	NA
chr1	124732944	124741549	0	0	0	0	0|0	0.939526986	NA
chr1	124758174	124767843	0	0	0	0	0|0	0.939526986	NA
chr1	124772764	124785221	0	0	0	0	0|0	0.939526986	NA
chr1	124777942	124785221	0	0	0	0	0|0	0.939526986	NA
chr1	124786178	124932581	0	0	0	0	0|0	0.939526986	NA
chr1	124786479	124932581	0	0	0	0	0|0	0.939526986	NA
chr1	124786997	124932581	0	0	0	0	0|0	0.939526986	NA
chr1	189696529	189696568	0	0	0	0	0|0	0.939526986	NA
chr1	189696529	189696568	0	0	0	0	0|0	0.939526986	NA
chr10	39962208	39986586	0	0	0	0	0|0	0.939526986	NA
chr10	39987319	40541965	0	0	0	0	0|0	0.939526986	NA
chr10	40890127	40892714	0	0	0	0	0|0	0.939526986	NA
chr10	41137520	41185533	0	0	0	0	0|0	0.939526986	NA
chr10	114134462	114138084	0	0	0	0	0|0	0.939526986	NA
chr11	51572763	51582298	0	0	0	0	0|0	0.939526986	NA
chr11	52764827	52812556	0	0	0	0	0|0	0.939526986	NA
chr12	34772228	34804535	0	0	0	0	0|0	0.939526986	NA
chr12	35932885	36034814	0	0	0	0	0|0	0.939526986	NA
chr12	36223718	36265247	0	0	0	0	0|0	0.939526986	NA
chr12	36268305	36347093	0	0	0	0	0|0	0.939526986	NA
chr13	1	17420288	0	0	1	0	0|0	0.939526986	NA
chr13	17422238	17702493	0	0	0	0	0|0	0.939526986	NA
chr13	17532702	17541020	0	0	0	0	0|0	0.939526986	NA
chr13	17650117	17706404	0	0	0	0	0|0	0.939526986	NA
chr13	17703340	17706404	0	0	0	0	0|0	0.939526986	NA
chr13	17736474	17743698	0	0	0	0	0|0	0.939526986	NA
chr13	17739803	17744819	0	0	0	0	0|0	0.939526986	NA
chr13	17744824	17755925	0	0	0	0	0|0	0.939526986	NA
chr13	30390467	30390604	0	0	0	0	0|0	0.939526986	NA
chr13	51745731	51745772	0	0	0	0	0|0	0.939526986	NA
chr15	17506209	19724844	0	0	0	0	0|0	0.939526986	NA
chr15	17506209	19724844	0	0	0	0	0|0	0.939526986	NA
chr15	17506209	19724844	0	0	0	0	0|0	0.939526986	NA
chr15	19046904	19515450	0	0	0	0	0|0	0.939526986	NA
chr15	45883424	45883458	0	0	0	0	0|0	0.939526986	NA
chr15	83152684	83152710	0	0	0	0	0|0	0.939526986	NA
chr15	83152684	83152710	0	0	0	0	0|0	0.939526986	NA
chr16	34571511	34589122	0	0	0	0	0|0	0.939526986	NA
chr16	34571511	34589122	0	0	0	0	0|0	0.939526986	NA
chr16	34571511	34589122	0	0	0	0	0|0	0.939526986	NA
chr16	46382516	46401790	0	0	0	0	0|0	0.939526986	NA
chr17	22877878	22884296	0	0	0	0	0|0	0.939526986	NA
chr17	22885033	22895982	0	0	0	0	0|0	0.939526986	NA
chr17	22896216	22905486	0	0	0	0	0|0	0.939526986	NA
chr17	22940858	22950459	0	0	0	0	0|0	0.939526986	NA
chr17	23381187	23403398	0	0	0	0	0|0	0.939526986	NA
chr17	24350563	24557666	0	0	0	0	0|0	0.939526986	NA
chr17	24734575	24755477	0	0	0	0	0|0	0.939526986	NA
chr17	24770696	25149330	0	0	0	0	0|0	0.939526986	NA
chr17	24770696	25227843	0	0	0	0	0|0	0.939526986	NA
chr17	24770696	25286564	0	0	0	0	0|0	0.939526986	NA
chr17	26280023	26300144	0	0	0	0	0|0	0.939526986	NA
chr17	26315283	26572062	0	0	0	0	0|0	0.939526986	NA
chr17	26881567	26940948	0	0	0	0	0|0	0.939526986	NA
chr17	26881567	26940948	0	0	0	0	0|0	0.939526986	NA
chr17	73210491	73210515	0	0	0	0	0|0	0.939526986	NA
chr17	73210491	73210515	0	0	0	0	0|0	0.939526986	NA
chr17	73210749	73214902	0	0	0	0	0|0	0.939526986	NA
chr17	82758385	82758408	0	0	0	0	0|0	0.939526986	NA
chr17	82758385	82758408	0	0	0	0	0|0	0.939526986	NA
chr18	21060840	21061028	0	0	0	0	0|0	0.939526986	NA
chr18	21060840	21061028	0	0	0	0	0|0	0.939526986	NA
chr18	21060840	21061028	0	0	0	0	0|0	0.939526986	NA
chr19	38730559	38739533	0	0	0	0	0|0	0.939526986	NA
chr19	38739450	38739533	0	0	0	0	0|0	0.939526986	NA
chr19	38739450	38739533	0	0	0	0	0|0	0.939526986	NA
chr2	31827188	31827213	0	0	0	0	0|0	0.939526986	NA
chr2	31827188	31827213	0	0	0	0	0|0	0.939526986	NA
chr2	89826143	89841183	0	0	0	0	0|0	0.939526986	NA
chr2	92872420	92885697	0	0	0	0	0|0	0.939526986	NA
chr2	170416524	170416551	0	0	0	0	0|0	0.939526986	NA
chr2	202160414	202162953	0	0	0	0	0|0	0.939526986	NA
chr20	1	67229	0	0	0	1	0|0	0.939526986	NA
chr20	26436325	26511914	0	0	0	0	0|0	0.939526986	NA
chr20	26436325	26511914	0	0	0	0	0|0	0.939526986	NA
chr20	26436325	26511914	0	0	0	0	0|0	0.939526986	NA
chr20	26511999	26557337	0	0	0	0	0|0	0.939526986	NA
chr20	26512451	26584231	0	0	0	0	0|0	0.939526986	NA
chr20	26512451	26585863	0	0	0	0	0|0	0.939526986	NA
chr20	26557899	26566248	0	0	0	0	0|0	0.939526986	NA
chr20	26566372	26578724	0	0	0	0	0|0	0.939526986	NA
chr20	26578910	26585863	0	0	0	0	0|0	0.939526986	NA
chr20	30002855	30008068	0	0	0	0	0|0	0.939526986	NA
chr20	30012120	30028598	0	0	0	0	0|0	0.939526986	NA
chr3	47815725	47815758	0	0	0	0	0|0	0.939526986	NA
chr3	47815929	47816378	0	0	0	0	0|0	0.939526986	NA
chr3	90772464	91148733	0	0	0	0	0|0	0.939526986	NA
chr3	90772464	91235832	0	0	0	0	0|0	0.939526986	NA
chr3	90772464	91235832	0	0	0	0	0|0	0.939526986	NA
chr3	91150665	91167505	0	0	0	0	0|0	0.939526986	NA
chr3	91168399	91235832	0	0	0	0	0|0	0.939526986	NA
chr3	91556111	93470824	0	0	0	0	0|0	0.939526986	NA
chr3	91556111	93470824	0	0	0	0	0|0	0.939526986	NA
chr3	93476823	93651800	0	0	0	0	0|0	0.939526986	NA
chr3	93476823	93651800	0	0	0	0	0|0	0.939526986	NA
chr3	135097094	135097129	0	0	0	0	0|0	0.939526986	NA
chr4	49091096	49099254	0	0	0	0	0|0	0.939526986	NA
chr4	49708891	49711933	0	0	0	0	0|0	0.939526986	NA
chr4	49708891	49711933	0	0	0	0	0|0	0.939526986	NA
chr4	49708891	49711933	0	0	0	0	0|0	0.939526986	NA
chr4	70950815	70957289	0	0	0	0	0|0	0.939526986	NA
chr4	189233702	189235407	0	0	0	0	0|0	0.939526986	NA
chr5	46487677	46566773	0	0	0	0	0|0	0.939526986	NA
chr5	46487677	46709119	0	0	0	0	0|0	0.939526986	NA
chr5	47107016	47152084	0	0	0	0	0|0	0.939526986	NA
chr5	47107016	47152084	0	0	0	0	0|0	0.939526986	NA
chr5	47107016	47152084	0	0	0	0	0|0	0.939526986	NA
chr5	138592987	138593010	0	0	0	0	0|0	0.939526986	NA
chr6	58794988	58924705	0	0	0	0	0|0	0.939526986	NA
chr6	59033862	59165877	0	0	0	0	0|0	0.939526986	NA
chr6	59166649	59399654	0	0	0	0	0|0	0.939526986	NA
chr6	161185138	161185166	0	0	0	0	0|0	0.939526986	NA
chr7	2642539	2642565	0	0	0	0	0|0	0.939526986	NA
chr7	61378551	61524327	0	0	0	0	0|0	0.939526986	NA
chr7	135892710	135894214	0	0	0	0	0|0	0.939526986	NA
chr7	139670578	139670595	0	0	0	0	0|0	0.939526986	NA
chr8	20503672	20503713	0	0	0	0	0|0	0.939526986	NA
chr8	20503672	20503713	0	0	0	0	0|0	0.939526986	NA
chr8	134650641	134653302	0	0	0	0	0|0	0.939526986	NA
chr8	134653263	134653297	0	0	0	0	0|0	0.939526986	NA
chr8	134653263	134653297	0	0	0	0	0|0	0.939526986	NA
chr9	43435774	43652511	0	0	0	0	0|0	0.939526986	NA
chr9	43772679	43776450	0	0	0	0	0|0	0.939526986	NA
chr9	43828197	43878817	0	0	0	0	0|0	0.939526986	NA
chr9	44338704	44653663	0	0	0	0	0|0	0.939526986	NA
chr9	44708651	44732345	0	0	0	0	0|0	0.939526986	NA
chrX	53731461	53731497	0	0	0	0	0	0.939526986	NA
chrX	58606224	62405580	0	0	0	0	0	0.939526986	NA
chrX	58606224	62405580	0	0	0	0	0	0.939526986	NA
chrX	58606224	62405580	0	0	0	0	0	0.939526986	NA
chrX	75115268	75115308	0	0	0	0	0	0.939526986	NA
chrY	4199325	4199387	0	0	0	0	0	0.939526986	NA
chrY	14394035	14394059	0	0	0	0	0	0.939526986	NA
chrY	20606456	20606485	0	0	0	0	0	0.939526986	NA
chrY	20606456	20606485	0	0	0	0	0	0.939526986	NA
chrY	56821593	57227415	0	0	0	0	0	0.939526986	NA
chr1	9745230	9745257	44	37	24	36	0|0	0.939526986	NA
chr1	11036513	11036558	35	30	36	27	0|0	0.939526986	NA
chr1	15781522	15781548	50	62	52	55	0|0	0.939526986	NA
chr1	17017008	17017377	57	51	53	53	0|0	0.939526986	NA
chr1	17017008	17017377	57	51	53	53	0|0	0.939526986	NA
chr1	19871343	19871467	22	15	18	17	0|0	0.939526986	NA
chr1	23635648	23635687	30	25	16	20	0|0	0.939526986	NA
chr1	23757812	23757839	42	38	46	46	0|0	0.939526986	NA
chr1	24746559	24748051	25	35	18	22	0|0	0.939526986	NA
chr1	27230228	27230317	24	17	16	19	0|0	0.939526986	NA
chr1	27456725	27457182	32	39	38	34	0|0	0.939526986	NA
chr1	35354721	35354756	20	32	17	18	0|0	0.939526986	NA
chr1	35447231	35447259	37	39	44	35	0|0	0.939526986	NA
chr1	36510992	36511024	83	87	69	78	0|0	0.939526986	NA
chr1	37506826	37507846	26	40	34	34	0|0	0.939526986	NA
chr1	37507660	37507847	26	33	30	30	0|0	0.939526986	NA
chr1	40591814	40591835	30	37	29	22	0|0	0.939526986	NA
chr1	41057875	41058161	25	25	20	24	0|0	0.939526986	NA
chr1	46564046	46564066	28	18	24	22	0|0	0.939526986	NA
chr1	48423463	48423486	22	22	16	24	0|0	0.939526986	NA
chr1	50014368	50014386	28	35	25	34	0|0	0.939526986	NA
chr1	52291889	52292309	92	86	76	85	0|0	0.939526986	NA
chr1	52291889	52292309	92	86	76	85	0|0	0.939526986	NA
chr1	53224798	53224818	31	29	22	25	0|0	0.939526986	NA
chr1	54935981	54936007	36	30	31	28	0|0	0.939526986	NA
chr1	60865010	60865178	29	26	35	28	0|0	0.939526986	NA
chr1	62307481	62307500	22	21	20	13	0|0	0.939526986	NA
chr1	79925125	79925148	25	20	28	21	0|0	0.939526986	NA
chr1	92416087	92416110	48	40	41	46	0|0	0.939526986	NA
chr1	93749588	93749612	22	21	28	15	0|0	0.939526986	NA
chr1	112451769	112451795	21	18	13	11	0|0	0.939526986	NA
chr1	146136339	146308523	153	152	167	168	0|0	0.939526986	NA
chr1	150177204	150177237	65	63	62	52	0|0	0.939526986	NA
chr1	154127255	154128241	80	95	75	64	0|0	0.939526986	NA
chr1	156996774	156996802	48	55	38	36	0|0	0.939526986	NA
chr1	172717326	172717351	23	18	16	11	0|0	0.939526986	NA
chr1	177691044	177691067	41	42	16	24	0|0	0.939526986	NA
chr1	179198696	179198724	32	31	15	21	0|0	0.939526986	NA
chr1	179226045	179226079	29	18	20	14	0|0	0.939526986	NA
chr1	182800439	182800466	32	37	32	31	0|0	0.939526986	NA
chr1	196176455	196176485	40	42	27	32	0|0	0.939526986	NA
chr1	200767363	200767382	26	23	15	26	0|0	0.939526986	NA
chr1	203559746	203560114	21	14	17	18	0|0	0.939526986	NA
chr1	204054623	204055011	22	26	16	25	0|0	0.939526986	NA
chr1	205718081	205718107	27	32	27	18	0|0	0.939526986	NA
chr1	208713163	208713190	28	21	23	15	0|0	0.939526986	NA
chr1	211844862	211844882	27	25	23	28	0|0	0.939526986	NA
chr1	214599213	214599241	25	20	18	17	0|0	0.939526986	NA
chr1	224410283	224410317	25	18	10	10	0|0	0.939526986	NA
chr1	227493638	227498569	27	23	18	14	0|0	0.939526986	NA
chr1	236273811	236273832	27	34	23	16	0|0	0.939526986	NA
chr1	242297345	242297375	20	22	15	21	0|0	0.939526986	NA
chr1	243964740	243964782	31	29	13	17	0|0	0.939526986	NA
chr1	248943992	248956422	59	62	39	26	0|0	0.939526986	NA
chr10	900010	900028	20	20	11	13	0|0	0.939526986	NA
chr10	3748222	3748411	51	53	63	66	0|0	0.939526986	NA
chr10	13689198	13689225	19	17	21	17	0|0	0.939526986	NA
chr10	20552666	20552703	28	26	32	26	0|0	0.939526986	NA
chr10	27476620	27476816	26	17	18	24	0|0	0.939526986	NA
chr10	28923999	28925823	42	52	45	40	0|0	0.939526986	NA
chr10	30161462	30161485	38	42	40	50	0|0	0.939526986	NA
chr10	32023874	32024096	20	18	16	21	0|0	0.939526986	NA
chr10	32224868	32225196	88	73	78	87	0|0	0.939526986	NA
chr10	32576297	32576328	44	44	43	38	0|0	0.939526986	NA
chr10	35312384	35312409	19	33	17	15	0|0	0.939526986	NA
chr10	42200265	42200384	35	42	26	30	0|0	0.939526986	NA
chr10	45874458	45874485	92	80	73	69	0|0	0.939526986	NA
chr10	45874458	45874485	92	80	73	69	0|0	0.939526986	NA
chr10	64308982	64309400	22	36	21	21	0|0	0.939526986	NA
chr10	73086935	73086964	55	64	57	67	0|0	0.939526986	NA
chr10	99902611	99902949	23	16	18	11	0|0	0.939526986	NA
chr10	100000872	100001281	28	21	16	15	0|0	0.939526986	NA
chr10	101522348	101522373	37	30	39	32	0|0	0.939526986	NA
chr10	103722305	103722322	23	17	15	20	0|0	0.939526986	NA
chr10	105708271	105708293	32	43	31	32	0|0	0.939526986	NA
chr10	106989272	106989305	33	27	28	23	0|0	0.939526986	NA
chr10	112373209	112373243	19	19	21	25	0|0	0.939526986	NA
chr10	116612517	116612541	43	42	35	29	0|0	0.939526986	NA
chr11	8979741	8979764	44	35	16	21	0|0	0.939526986	NA
chr11	25565474	25565496	30	42	32	24	0|0	0.939526986	NA
chr11	34297768	34297794	62	49	24	34	0|0	0.939526986	NA
chr11	46305545	46306746	36	50	35	26	0|0	0.939526986	NA
chr11	46306502	46306526	36	42	28	21	0|0	0.939526986	NA
chr11	61845786	61845812	45	41	22	21	0|0	0.939526986	NA
chr11	62664075	62664113	26	27	13	15	0|0	0.939526986	NA
chr11	65149044	65149242	30	33	23	15	0|0	0.939526986	NA
chr11	66090006	66090030	47	47	27	19	0|0	0.939526986	NA
chr11	67114874	67114905	59	75	31	32	0|0	0.939526986	NA
chr11	74477625	74477723	27	32	20	16	0|0	0.939526986	NA
chr11	77061703	77061727	30	20	11	16	0|0	0.939526986	NA
chr11	89866457	89956814	188	174	110	107	0|0	0.939526986	NA
chr11	91945613	91945631	36	35	31	18	0|0	0.939526986	NA
chr11	110480818	110480846	28	23	15	19	0|0	0.939526986	NA
chr11	113686658	113686754	25	28	23	16	0|0	0.939526986	NA
chr11	116587657	116587688	38	35	27	26	0|0	0.939526986	NA
chr11	121940999	121941038	42	42	22	17	0|0	0.939526986	NA
chr11	124614168	124614202	55	55	31	36	0|0	0.939526986	NA
chr11	124614168	124614202	55	55	31	36	0|0	0.939526986	NA
chr11	133538063	133538081	41	39	20	22	0|0	0.939526986	NA
chr12	431068	431093	32	27	41	41	0|0	0.939526986	NA
chr12	1526443	1526474	20	20	33	24	0|0	0.939526986	NA
chr12	5528628	5528651	23	30	36	28	0|0	0.939526986	NA
chr12	5854400	5854423	47	52	58	68	0|0	0.939526986	NA
chr12	10583617	10583639	28	36	38	42	0|0	0.939526986	NA
chr12	18853142	18853190	21	21	26	38	0|0	0.939526986	NA
chr12	20709889	20709935	65	65	76	77	0|0	0.939526986	NA
chr12	20709889	20709935	65	65	76	77	0|0	0.939526986	NA
chr12	24814414	24814431	21	35	36	38	0|0	0.939526986	NA
chr12	31395944	31395971	64	67	81	72	0|0	0.939526986	NA
chr12	31396048	31398929	64	74	85	82	0|0	0.939526986	NA
chr12	47003296	47003342	53	55	74	63	0|0	0.939526986	NA
chr12	48736693	48737061	19	17	36	37	0|0	0.939526986	NA
chr12	49529314	49529337	40	40	59	48	0|0	0.939526986	NA
chr12	49908464	49908490	20	17	26	35	0|0	0.939526986	NA
chr12	50161779	50161805	19	16	26	23	0|0	0.939526986	NA
chr12	50260385	50260957	32	32	59	65	0|0	0.939526986	NA
chr12	50923014	50923039	25	31	39	36	0|0	0.939526986	NA
chr12	55774559	55774598	46	43	70	53	0|0	0.939526986	NA
chr12	55774873	55776343	46	56	74	64	0|0	0.939526986	NA
chr12	56068549	56068582	50	55	63	61	0|0	0.939526986	NA
chr12	57775108	57775136	37	48	39	46	0|0	0.939526986	NA
chr12	68883935	68884135	33	34	50	45	0|0	0.939526986	NA
chr12	79739599	79739633	21	26	28	33	0|0	0.939526986	NA
chr12	80449403	80464236	51	46	77	59	0|0	0.939526986	NA
chr12	92121175	92124580	77	82	96	110	0|0	0.939526986	NA
chr12	100241850	100241878	41	29	38	48	0|0	0.939526986	NA
chr12	111903899	111903931	30	25	29	30	0|0	0.939526986	NA
chr12	116062009	116062029	30	27	25	23	0|0	0.939526986	NA
chr12	116062415	116063664	30	35	32	34	0|0	0.939526986	NA
chr12	116976306	116976410	29	34	28	34	0|0	0.939526986	NA
chr12	118338793	118339242	21	28	23	30	0|0	0.939526986	NA
chr12	120208355	120208383	33	32	32	21	0|0	0.939526986	NA
chr12	129874592	129874615	24	29	34	22	0|0	0.939526986	NA
chr12	131645589	131663656	80	79	79	72	0|0	0.939526986	NA
chr13	36977792	36977823	47	33	36	28	0|0	0.939526986	NA
chr13	36977792	36983803	48	60	51	44	0|0	0.939526986	NA
chr13	43183828	43183859	52	46	39	48	0|0	0.939526986	NA
chr13	45302361	45302386	21	29	20	26	0|0	0.939526986	NA
chr13	46582151	46582175	19	18	19	13	0|0	0.939526986	NA
chr13	49960266	49960305	19	15	21	20	0|0	0.939526986	NA
chr13	52639696	52639718	21	27	20	25	0|0	0.939526986	NA
chr13	92206044	92206064	19	29	26	35	0|0	0.939526986	NA
chr13	104407172	104407195	33	41	48	47	0|0	0.939526986	NA
chr14	31214057	31214376	34	39	21	16	0|0	0.939526986	NA
chr14	32591473	32591491	26	27	19	17	0|0	0.939526986	NA
chr14	34534101	34568983	85	105	59	63	0|0	0.939526986	NA
chr14	43968301	43968334	46	29	27	24	0|0	0.939526986	NA
chr14	51459822	51459855	32	19	17	18	0|0	0.939526986	NA
chr14	52218824	52219332	25	33	14	16	0|0	0.939526986	NA
chr14	53066960	53066977	20	25	13	20	0|0	0.939526986	NA
chr14	55509565	55509590	31	31	25	16	0|0	0.939526986	NA
chr14	66041415	66042111	51	57	37	32	0|0	0.939526986	NA
chr14	66042083	66042112	51	42	30	27	0|0	0.939526986	NA
chr14	69747504	69747534	39	45	23	29	0|0	0.939526986	NA
chr14	73143986	73144018	26	15	12	10	0|0	0.939526986	NA
chr14	73307303	73307328	55	69	51	42	0|0	0.939526986	NA
chr14	73564295	73564314	108	124	64	73	0|0	0.939526986	NA
chr14	73564295	73564314	108	124	64	73	0|0	0.939526986	NA
chr14	73951804	73954865	43	58	39	38	0|0	0.939526986	NA
chr14	76798948	76798973	113	98	61	56	0|0	0.939526986	NA
chr14	76799271	76799739	113	102	63	59	0|0	0.939526986	NA
chr14	76872067	76872096	25	31	14	11	0|0	0.939526986	NA
chr14	77814697	77814731	30	32	16	24	0|0	0.939526986	NA
chr14	83512902	83513956	46	33	22	25	0|0	0.939526986	NA
chr14	88423376	88423399	48	35	27	26	0|0	0.939526986	NA
chr14	99423590	99423616	27	41	19	13	0|0	0.939526986	NA
chr14	101352447	101352471	48	36	23	16	0|0	0.939526986	NA
chr15	30240027	30248392	35	31	41	30	0|0	0.939526986	NA
chr15	34716599	34716627	38	41	34	35	0|0	0.939526986	NA
chr15	35024496	35024526	34	24	26	31	0|0	0.939526986	NA
chr15	35024695	35026096	34	40	28	37	0|0	0.939526986	NA
chr15	39574830	39574860	78	83	85	73	0|0	0.939526986	NA
chr15	39574830	39574860	78	83	85	73	0|0	0.939526986	NA
chr15	40409825	40410888	76	86	76	79	0|0	0.939526986	NA
chr15	48923546	48923566	33	38	38	48	0|0	0.939526986	NA
chr15	50542039	50542071	109	102	107	124	0|0	0.939526986	NA
chr15	55978924	55978948	48	42	46	44	0|0	0.939526986	NA
chr15	56461662	56461687	70	69	77	86	0|0	0.939526986	NA
chr15	56461662	56461687	70	69	77	86	0|0	0.939526986	NA
chr15	61773552	61776194	60	59	40	52	0|0	0.939526986	NA
chr15	62604517	62604556	80	89	94	96	0|0	0.939526986	NA
chr15	72224867	72224890	44	39	32	33	0|0	0.939526986	NA
chr15	73496355	73496671	25	30	32	30	0|0	0.939526986	NA
chr15	73645067	73645095	56	41	49	46	0|0	0.939526986	NA
chr15	77948232	77953074	27	22	36	29	0|0	0.939526986	NA
chr15	86632271	86632292	34	37	33	36	0|0	0.939526986	NA
chr15	86632622	86633022	34	37	34	37	0|0	0.939526986	NA
chr15	93345852	93345880	56	45	54	51	0|0	0.939526986	NA
chr15	101275919	101275947	57	55	47	40	0|0	0.939526986	NA
chr16	1504124	1504464	52	45	35	30	0|0	0.939526986	NA
chr16	4949932	4949959	38	36	16	22	0|0	0.939526986	NA
chr16	8724732	8724777	24	20	15	13	0|0	0.939526986	NA
chr16	9172275	9175448	70	80	56	58	0|0	0.939526986	NA
chr16	10223626	10223656	38	29	27	31	0|0	0.939526986	NA
chr16	14127644	14127667	56	52	49	45	0|0	0.939526986	NA
chr16	14127644	14127667	56	52	49	45	0|0	0.939526986	NA
chr16	21736753	21757603	69	71	31	34	0|0	0.939526986	NA
chr16	24212397	24212425	49	52	36	28	0|0	0.939526986	NA
chr16	25021989	25022005	36	39	27	28	0|0	0.939526986	NA
chr16	25231860	25231883	22	24	18	17	0|0	0.939526986	NA
chr16	28507058	28508858	75	83	57	51	0|0	0.939526986	NA
chr16	28578682	28578709	22	20	10	12	0|0	0.939526986	NA
chr16	30994294	30994607	30	16	17	19	0|0	0.939526986	NA
chr16	46556727	46556749	27	35	28	27	0|0	0.939526986	NA
chr16	47042596	47042626	49	62	40	50	0|0	0.939526986	NA
chr16	58470909	58470935	28	19	16	18	0|0	0.939526986	NA
chr16	67095215	67095238	22	22	20	15	0|0	0.939526986	NA
chr16	70504606	70504935	25	38	26	25	0|0	0.939526986	NA
chr16	71780419	71780517	27	27	24	23	0|0	0.939526986	NA
chr16	73735114	73735405	30	33	15	22	0|0	0.939526986	NA
chr16	74359330	74359585	44	54	36	34	0|0	0.939526986	NA
chr16	76931800	76931832	23	20	21	15	0|0	0.939526986	NA
chr16	80965115	80965208	50	46	29	25	0|0	0.939526986	NA
chr16	81204286	81204306	31	27	23	33	0|0	0.939526986	NA
chr16	82929653	82929691	72	82	74	61	0|0	0.939526986	NA
chr16	83240674	83240698	25	18	11	15	0|0	0.939526986	NA
chr16	84873479	84873537	22	22	24	24	0|0	0.939526986	NA
chr17	5205531	5205552	70	65	62	51	0|0	0.939526986	NA
chr17	6910574	6910604	29	25	19	17	0|0	0.939526986	NA
chr17	6962878	6966409	30	36	36	22	0|0	0.939526986	NA
chr17	6966303	6966340	30	21	25	17	0|0	0.939526986	NA
chr17	7660812	7660840	74	64	57	54	0|0	0.939526986	NA
chr17	7661026	7662071	74	76	63	57	0|0	0.939526986	NA
chr17	17574246	17574273	33	30	33	34	0|0	0.939526986	NA
chr17	18003479	18003517	41	33	36	37	0|0	0.939526986	NA
chr17	18003479	18004309	42	47	44	42	0|0	0.939526986	NA
chr17	18721503	18726604	70	62	66	65	0|0	0.939526986	NA
chr17	20800900	20805180	22	30	15	24	0|0	0.939526986	NA
chr17	28444981	28445324	30	31	27	31	0|0	0.939526986	NA
chr17	28455121	28455148	45	46	49	46	0|0	0.939526986	NA
chr17	28768372	28768869	23	20	16	21	0|0	0.939526986	NA
chr17	29040280	29040305	35	23	22	30	0|0	0.939526986	NA
chr17	31306095	31306816	30	28	37	29	0|0	0.939526986	NA
chr17	31844361	31844381	29	29	24	27	0|0	0.939526986	NA
chr17	34792566	34792589	23	19	16	18	0|0	0.939526986	NA
chr17	37073707	37073728	24	27	30	28	0|0	0.939526986	NA
chr17	37073970	37076894	24	37	34	33	0|0	0.939526986	NA
chr17	37362975	37363000	11	14	14	13	0|0	0.939526986	NA
chr17	37902081	38228861	42	46	53	49	0|0	0.939526986	NA
chr17	41371631	41371797	17	18	15	29	0|0	0.939526986	NA
chr17	42343447	42345243	50	38	51	39	0|0	0.939526986	NA
chr17	43668682	43669016	45	45	41	51	0|0	0.939526986	NA
chr17	44566798	44566825	66	55	43	52	0|0	0.939526986	NA
chr17	48774098	48774122	22	18	20	20	0|0	0.939526986	NA
chr17	49232390	49232413	28	27	17	27	0|0	0.939526986	NA
chr17	51060499	51060535	49	44	43	39	0|0	0.939526986	NA
chr17	52484160	52484181	73	87	64	73	0|0	0.939526986	NA
chr17	59641605	59641629	65	67	52	39	0|0	0.939526986	NA
chr17	59901625	59902032	21	19	13	19	0|0	0.939526986	NA
chr17	60438670	60438706	24	24	18	22	0|0	0.939526986	NA
chr17	60438670	60438706	24	24	18	22	0|0	0.939526986	NA
chr17	61272642	61272670	35	33	32	27	0|0	0.939526986	NA
chr17	62548584	62549440	52	59	46	36	0|0	0.939526986	NA
chr17	62549409	62549447	52	53	44	35	0|0	0.939526986	NA
chr17	64606646	64606664	23	22	23	20	0|0	0.939526986	NA
chr17	66554236	66554262	25	36	27	30	0|0	0.939526986	NA
chr17	67622258	67622282	27	28	18	15	0|0	0.939526986	NA
chr17	68298519	68298624	22	20	12	15	0|0	0.939526986	NA
chr17	71016766	71017361	40	39	35	32	0|0	0.939526986	NA
chr17	71017119	71017148	40	38	33	32	0|0	0.939526986	NA
chr17	71504152	71504170	26	28	35	20	0|0	0.939526986	NA
chr17	73106349	73106633	33	23	30	32	0|0	0.939526986	NA
chr17	75251708	75251728	30	24	20	20	0|0	0.939526986	NA
chr17	75355607	75355632	39	37	31	44	0|0	0.939526986	NA
chr17	80306853	80306876	30	23	21	26	0|0	0.939526986	NA
chr17	81587472	81587656	24	22	21	17	0|0	0.939526986	NA
chr18	2232052	2233062	30	36	33	29	0|0	0.939526986	NA
chr18	2232778	2232806	30	23	27	22	0|0	0.939526986	NA
chr18	12667762	12667787	62	63	45	53	0|0	0.939526986	NA
chr18	13531445	13531470	86	85	60	66	0|0	0.939526986	NA
chr18	21859889	21859917	31	30	22	24	0|0	0.939526986	NA
chr18	27217511	27217542	29	27	27	25	0|0	0.939526986	NA
chr18	27955370	27955439	75	81	64	63	0|0	0.939526986	NA
chr18	43452528	43452572	67	63	67	65	0|0	0.939526986	NA
chr18	46957039	46957064	26	23	22	12	0|0	0.939526986	NA
chr18	49997191	49997303	27	15	19	15	0|0	0.939526986	NA
chr18	50825927	50827101	39	43	41	49	0|0	0.939526986	NA
chr18	50826715	50826971	39	36	34	46	0|0	0.939526986	NA
chr18	53460056	53460076	31	34	26	20	0|0	0.939526986	NA
chr19	1185519	1185545	73	80	53	49	0|0	0.939526986	NA
chr19	1763294	1763398	20	25	20	22	0|0	0.939526986	NA
chr19	9937106	9937871	27	23	13	15	0|0	0.939526986	NA
chr19	14327804	14328145	21	21	16	18	0|0	0.939526986	NA
chr19	14856206	14856228	15	16	12	10	0|0	0.939526986	NA
chr19	17168406	17169394	22	32	26	29	0|0	0.939526986	NA
chr19	20833939	20833963	15	13	15	16	0|0	0.939526986	NA
chr19	29826041	29826382	24	24	20	17	0|0	0.939526986	NA
chr19	36190993	36191019	37	45	36	48	0|0	0.939526986	NA
chr19	39966642	39966662	25	25	19	16	0|0	0.939526986	NA
chr19	42194764	42194983	35	36	33	27	0|0	0.939526986	NA
chr19	42346986	42347008	15	21	14	11	0|0	0.939526986	NA
chr19	42452010	42453289	22	32	24	22	0|0	0.939526986	NA
chr19	42490300	42490333	17	12	11	11	0|0	0.939526986	NA
chr19	44868353	44868377	26	25	30	19	0|0	0.939526986	NA
chr19	45003475	45003506	24	23	16	13	0|0	0.939526986	NA
chr19	46940361	46942945	18	31	19	25	0|0	0.939526986	NA
chr19	47843795	47845673	16	30	25	24	0|0	0.939526986	NA
chr19	47909154	47938458	25	36	33	27	0|0	0.939526986	NA
chr19	49585922	49586106	22	33	22	24	0|0	0.939526986	NA
chr19	49965600	49965621	26	15	16	20	0|0	0.939526986	NA
chr19	50395586	50397117	26	24	29	19	0|0	0.939526986	NA
chr19	51051304	51051339	72	76	63	53	0|0	0.939526986	NA
chr19	53564034	53564063	16	24	15	19	0|0	0.939526986	NA
chr19	53931686	53932689	22	17	27	20	0|0	0.939526986	NA
chr19	57483851	57484351	21	32	19	21	0|0	0.939526986	NA
chr19	58074652	58075404	49	63	49	40	0|0	0.939526986	NA
chr19	58074652	58075404	49	63	49	40	0|0	0.939526986	NA
chr2	21064848	21067407	39	48	47	36	0|0	0.939526986	NA
chr2	27404948	27404974	40	34	25	39	0|0	0.939526986	NA
chr2	28441540	28442992	22	34	23	16	0|0	0.939526986	NA
chr2	32264435	32264454	32	40	32	20	0|0	0.939526986	NA
chr2	37356353	37357029	30	23	15	26	0|0	0.939526986	NA
chr2	44402328	44402357	38	40	43	29	0|0	0.939526986	NA
chr2	68153341	68153375	42	56	37	29	0|0	0.939526986	NA
chr2	70556209	70556247	27	37	28	23	0|0	0.939526986	NA
chr2	112618471	112618496	28	25	15	17	0|0	0.939526986	NA
chr2	121091571	121091598	21	28	12	14	0|0	0.939526986	NA
chr2	121631161	121631193	30	22	19	20	0|0	0.939526986	NA
chr2	128059844	128059933	35	30	22	29	0|0	0.939526986	NA
chr2	146996335	146996358	24	32	26	19	0|0	0.939526986	NA
chr2	163046099	163047551	21	20	13	19	0|0	0.939526986	NA
chr2	169784625	169784653	66	62	56	55	0|0	0.939526986	NA
chr2	176541052	176541120	20	14	20	11	0|0	0.939526986	NA
chr2	189707454	189707485	20	27	27	30	0|0	0.939526986	NA
chr2	201089807	201089828	27	15	16	18	0|0	0.939526986	NA
chr2	211248878	211248907	22	26	20	26	0|0	0.939526986	NA
chr2	211414495	211414525	21	30	39	33	0|0	0.939526986	NA
chr2	214992462	214992485	20	16	10	13	0|0	0.939526986	NA
chr2	215943840	215943870	61	67	52	50	0|0	0.939526986	NA
chr2	215943840	215943870	61	67	52	50	0|0	0.939526986	NA
chr2	219257643	219257677	31	32	27	25	0|0	0.939526986	NA
chr2	222349396	222349419	36	22	23	30	0|0	0.939526986	NA
chr2	223828059	223828097	41	28	25	31	0|0	0.939526986	NA
chr2	223828280	223829403	41	39	29	38	0|0	0.939526986	NA
chr2	227252070	227252100	31	34	20	23	0|0	0.939526986	NA
chr2	235581136	235583256	48	57	54	49	0|0	0.939526986	NA
chr2	239423530	239423557	22	18	27	20	0|0	0.939526986	NA
chr20	3142611	3142805	33	25	20	20	0|0	0.939526986	NA
chr20	3413558	3413610	21	23	13	17	0|0	0.939526986	NA
chr20	5975150	5975280	27	38	23	21	0|0	0.939526986	NA
chr20	6927243	6927274	22	21	11	12	0|0	0.939526986	NA
chr20	10392276	10392305	31	34	25	23	0|0	0.939526986	NA
chr20	32311709	32311743	39	42	21	27	0|0	0.939526986	NA
chr20	33957591	33957622	25	20	18	21	0|0	0.939526986	NA
chr20	34025680	34025713	93	89	60	69	0|0	0.939526986	NA
chr20	34025680	34025713	93	89	60	69	0|0	0.939526986	NA
chr20	35430801	35431121	29	33	17	22	0|0	0.939526986	NA
chr20	35887803	35887839	38	49	39	28	0|0	0.939526986	NA
chr20	45991608	45991631	73	85	59	61	0|0	0.939526986	NA
chr20	56619086	56619118	19	22	22	12	0|0	0.939526986	NA
chr21	17116166	17116204	23	26	18	18	0|0	0.939526986	NA
chr21	20018868	20018900	31	38	19	19	0|0	0.939526986	NA
chr21	26248849	26248871	26	33	25	24	0|0	0.939526986	NA
chr21	31412782	31413093	34	39	25	32	0|0	0.939526986	NA
chr21	36448352	36448373	29	23	16	23	0|0	0.939526986	NA
chr21	42956371	42956405	39	43	25	31	0|0	0.939526986	NA
chr22	17656241	17656260	20	17	12	19	0|0	0.939526986	NA
chr22	20758366	20758396	50	59	69	62	0|0	0.939526986	NA
chr22	21380169	21442877	87	74	88	86	0|0	0.939526986	NA
chr22	21492253	21562091	112	114	113	114	0|0	0.939526986	NA
chr22	21603527	21603591	37	44	31	27	0|0	0.939526986	NA
chr22	24899024	24899055	29	28	37	38	0|0	0.939526986	NA
chr22	26577098	26577288	33	31	28	27	0|0	0.939526986	NA
chr22	28741147	28741176	22	17	25	21	0|0	0.939526986	NA
chr22	29584658	29584689	33	40	23	30	0|0	0.939526986	NA
chr22	31787379	31787833	37	36	51	34	0|0	0.939526986	NA
chr22	34922195	34922219	35	29	32	37	0|0	0.939526986	NA
chr22	37878413	37878445	29	43	31	28	0|0	0.939526986	NA
chr22	39380157	39380186	44	38	37	36	0|0	0.939526986	NA
chr22	45751738	45751765	71	79	65	70	0|0	0.939526986	NA
chr22	50807035	50818468	125	128	123	122	0|0	0.939526986	NA
chr22	50807278	50818468	124	127	122	122	0|0	0.939526986	NA
chr3	7359113	7359146	21	33	42	38	0|0	0.939526986	NA
chr3	11219716	11219737	26	32	25	27	0|0	0.939526986	NA
chr3	13310586	13310607	44	39	37	48	0|0	0.939526986	NA
chr3	13486199	13486299	35	37	43	45	0|0	0.939526986	NA
chr3	21964413	21964447	19	23	11	16	0|0	0.939526986	NA
chr3	33341833	33341863	25	15	21	25	0|0	0.939526986	NA
chr3	42023159	42023185	19	13	14	11	0|0	0.939526986	NA
chr3	48168176	48168208	48	36	49	43	0|0	0.939526986	NA
chr3	49378165	49378199	82	72	76	83	0|0	0.939526986	NA
chr3	52612907	52614403	26	20	30	32	0|0	0.939526986	NA
chr3	52858113	52859694	23	36	23	28	0|0	0.939526986	NA
chr3	57293972	57293991	95	95	105	94	0|0	0.939526986	NA
chr3	57905287	57906073	63	76	61	60	0|0	0.939526986	NA
chr3	58007211	58007252	20	13	17	19	0|0	0.939526986	NA
chr3	64639288	64639332	45	46	63	62	0|0	0.939526986	NA
chr3	68605482	68605512	25	25	31	25	0|0	0.939526986	NA
chr3	72813467	72813790	47	46	49	53	0|0	0.939526986	NA
chr3	101918527	101918922	99	93	121	131	0|0	0.939526986	NA
chr3	113702207	113702225	34	45	50	50	0|0	0.939526986	NA
chr3	113808130	113808156	80	87	103	120	0|0	0.939526986	NA
chr3	113808130	113808156	80	87	103	120	0|0	0.939526986	NA
chr3	125305793	125305817	67	64	87	83	0|0	0.939526986	NA
chr3	125305958	125307696	68	66	91	91	0|0	0.939526986	NA
chr3	125416205	125416240	42	44	55	63	0|0	0.939526986	NA
chr3	125416205	125417252	44	55	63	71	0|0	0.939526986	NA
chr3	138838968	138839723	20	20	27	26	0|0	0.939526986	NA
chr3	141342394	141342420	42	38	42	46	0|0	0.939526986	NA
chr3	141966861	141966944	21	12	20	17	0|0	0.939526986	NA
chr3	142314906	142314935	41	43	35	34	0|0	0.939526986	NA
chr3	147249362	147249385	22	20	23	32	0|0	0.939526986	NA
chr3	155067202	155067222	24	12	19	22	0|0	0.939526986	NA
chr3	157165274	157165305	33	28	55	42	0|0	0.939526986	NA
chr3	160738027	160738058	25	35	34	44	0|0	0.939526986	NA
chr3	161653272	161653391	28	22	30	24	0|0	0.939526986	NA
chr3	170436588	170437059	26	21	25	30	0|0	0.939526986	NA
chr3	176419275	176419304	47	47	67	51	0|0	0.939526986	NA
chr3	180952683	180954109	32	28	36	41	0|0	0.939526986	NA
chr3	182181643	182181673	21	24	19	14	0|0	0.939526986	NA
chr3	184774502	184774533	28	27	48	39	0|0	0.939526986	NA
chr3	195744336	195749375	66	58	77	91	0|0	0.939526986	NA
chr4	412167	413684	22	16	21	14	0|0	0.939526986	NA
chr4	2985917	2986942	23	15	18	19	0|0	0.939526986	NA
chr4	4323205	4323262	22	27	22	22	0|0	0.939526986	NA
chr4	23699547	23699864	26	16	11	19	0|0	0.939526986	NA
chr4	28257903	28257935	37	25	31	26	0|0	0.939526986	NA
chr4	42817122	42817159	22	23	18	21	0|0	0.939526986	NA
chr4	44316799	44316833	60	53	50	50	0|0	0.939526986	NA
chr4	44316799	44316833	60	53	50	50	0|0	0.939526986	NA
chr4	48614723	48614753	25	20	15	17	0|0	0.939526986	NA
chr4	48809798	48810500	24	31	33	21	0|0	0.939526986	NA
chr4	55421168	55422179	22	14	19	18	0|0	0.939526986	NA
chr4	57013945	57013975	20	20	14	19	0|0	0.939526986	NA
chr4	68413616	68414656	26	22	17	27	0|0	0.939526986	NA
chr4	71267795	71267828	29	31	28	20	0|0	0.939526986	NA
chr4	73225863	73225889	49	52	43	38	0|0	0.939526986	NA
chr4	73225863	73225889	49	52	43	38	0|0	0.939526986	NA
chr4	84619768	84620050	26	23	22	20	0|0	0.939526986	NA
chr4	87448028	87448062	38	30	25	27	0|0	0.939526986	NA
chr4	96128800	96128945	48	40	40	38	0|0	0.939526986	NA
chr4	96128861	96130538	48	42	42	44	0|0	0.939526986	NA
chr4	123446759	123446787	45	38	40	30	0|0	0.939526986	NA
chr4	128706968	128707006	57	53	43	42	0|0	0.939526986	NA
chr4	128706968	128707006	57	53	43	42	0|0	0.939526986	NA
chr4	147504796	147505220	35	33	21	25	0|0	0.939526986	NA
chr4	153808652	153808674	20	21	14	19	0|0	0.939526986	NA
chr4	171103818	171103930	25	19	11	11	0|0	0.939526986	NA
chr4	183948220	183948253	50	56	17	21	0|0	0.939526986	NA
chr5	1	11791	32	42	38	34	0|0	0.939526986	NA
chr5	6650409	6650429	19	26	28	26	0|0	0.939526986	NA
chr5	9229723	9229750	31	19	22	27	0|0	0.939526986	NA
chr5	14396045	14396067	26	21	21	16	0|0	0.939526986	NA
chr5	17924219	17924258	21	15	23	15	0|0	0.939526986	NA
chr5	21496089	21496983	36	33	38	34	0|0	0.939526986	NA
chr5	22116609	22116629	24	28	27	25	0|0	0.939526986	NA
chr5	22639056	22639092	44	36	44	49	0|0	0.939526986	NA
chr5	30939156	30941297	22	28	36	37	0|0	0.939526986	NA
chr5	31136554	31136575	32	22	23	30	0|0	0.939526986	NA
chr5	31802922	31802948	22	18	21	28	0|0	0.939526986	NA
chr5	43181574	43183658	27	24	31	21	0|0	0.939526986	NA
chr5	43217461	43217481	45	43	37	41	0|0	0.939526986	NA
chr5	43252573	43252591	32	43	36	37	0|0	0.939526986	NA
chr5	55993146	55994074	23	14	15	16	0|0	0.939526986	NA
chr5	64078230	64078258	29	30	16	22	0|0	0.939526986	NA
chr5	73459250	73459273	20	15	13	11	0|0	0.939526986	NA
chr5	73557104	73557176	23	32	31	21	0|0	0.939526986	NA
chr5	78168013	78168040	21	22	22	21	0|0	0.939526986	NA
chr5	98271930	98271953	42	54	43	52	0|0	0.939526986	NA
chr5	108855596	108855614	37	27	38	41	0|0	0.939526986	NA
chr5	109510273	109510296	24	35	24	16	0|0	0.939526986	NA
chr5	125028444	125028483	68	58	71	80	0|0	0.939526986	NA
chr5	125028444	125028483	68	58	71	80	0|0	0.939526986	NA
chr5	126763431	126763460	54	57	62	62	0|0	0.939526986	NA
chr5	136183498	136183531	31	36	39	39	0|0	0.939526986	NA
chr5	136183604	136184672	31	41	40	43	0|0	0.939526986	NA
chr5	136411479	136411508	32	35	23	30	0|0	0.939526986	NA
chr5	138197306	138197325	67	64	56	60	0|0	0.939526986	NA
chr5	138197306	138197325	67	64	56	60	0|0	0.939526986	NA
chr5	138671105	138671137	17	16	10	14	0|0	0.939526986	NA
chr5	138765949	138765972	32	26	28	23	0|0	0.939526986	NA
chr5	139347893	139348170	26	21	22	30	0|0	0.939526986	NA
chr5	154656174	154656200	42	42	51	40	0|0	0.939526986	NA
chr5	154953364	154953398	20	14	13	13	0|0	0.939526986	NA
chr5	157684855	157684897	63	70	76	68	0|0	0.939526986	NA
chr5	171367390	171367444	34	38	44	41	0|0	0.939526986	NA
chr5	172025951	172025969	36	44	61	48	0|0	0.939526986	NA
chr5	172808041	172808065	66	67	102	89	0|0	0.939526986	NA
chr5	173494298	173494333	18	13	18	23	0|0	0.939526986	NA
chr5	176407928	176409319	25	32	43	37	0|0	0.939526986	NA
chr5	176409292	176409317	25	24	32	33	0|0	0.939526986	NA
chr6	786655	786750	36	31	54	46	0|0	0.939526986	NA
chr6	1669919	1669941	45	39	72	55	0|0	0.939526986	NA
chr6	7436499	7436526	34	40	69	63	0|0	0.939526986	NA
chr6	7450135	7450163	32	32	62	55	0|0	0.939526986	NA
chr6	10810099	10810125	25	27	27	32	0|0	0.939526986	NA
chr6	15228460	15230856	21	27	38	43	0|0	0.939526986	NA
chr6	27613862	27614713	21	24	34	31	0|0	0.939526986	NA
chr6	55187413	55187460	50	48	71	73	0|0	0.939526986	NA
chr6	55187413	55187460	50	48	71	73	0|0	0.939526986	NA
chr6	88817491	88817525	26	19	36	26	0|0	0.939526986	NA
chr6	88949159	88949191	20	15	39	29	0|0	0.939526986	NA
chr6	88949251	88950346	20	25	45	39	0|0	0.939526986	NA
chr6	89043406	89044112	21	31	33	42	0|0	0.939526986	NA
chr6	89734671	89734695	19	22	42	34	0|0	0.939526986	NA
chr6	108994073	108994174	31	23	42	29	0|0	0.939526986	NA
chr6	118738080	118738568	26	30	42	39	0|0	0.939526986	NA
chr6	119057896	119060488	55	62	61	77	0|0	0.939526986	NA
chr6	130803301	130803339	34	28	42	58	0|0	0.939526986	NA
chr6	150460079	150460113	46	47	91	91	0|0	0.939526986	NA
chr6	162398038	162398059	26	19	22	23	0|0	0.939526986	NA
chr6	170656234	170805979	27	22	28	41	0|0	0.939526986	NA
chr7	38241818	38241852	56	50	49	53	0|0	0.939526986	NA
chr7	42357061	42357127	26	15	19	26	0|0	0.939526986	NA
chr7	43125611	43125789	21	36	21	20	0|0	0.939526986	NA
chr7	50462228	50462260	39	53	41	43	0|0	0.939526986	NA
chr7	55397462	55398409	22	16	15	13	0|0	0.939526986	NA
chr7	57828094	57851381	77	65	64	58	0|0	0.939526986	NA
chr7	63016060	63016297	26	33	28	24	0|0	0.939526986	NA
chr7	64089834	64089858	21	17	16	14	0|0	0.939526986	NA
chr7	65519580	65578337	75	62	55	60	0|0	0.939526986	NA
chr7	71994513	71994541	22	26	40	25	0|0	0.939526986	NA
chr7	75132360	75145759	24	15	12	18	0|0	0.939526986	NA
chr7	77637859	77637884	23	22	26	20	0|0	0.939526986	NA
chr7	96369146	96369166	26	29	32	30	0|0	0.939526986	NA
chr7	96731392	96732039	36	39	35	27	0|0	0.939526986	NA
chr7	111268488	111268510	22	27	28	28	0|0	0.939526986	NA
chr7	114462277	114462311	27	23	17	27	0|0	0.939526986	NA
chr7	128000078	128000100	20	15	16	14	0|0	0.939526986	NA
chr7	128970845	128973824	65	73	45	60	0|0	0.939526986	NA
chr7	138684367	138687719	23	24	20	21	0|0	0.939526986	NA
chr7	140409994	140410022	36	37	29	31	0|0	0.939526986	NA
chr7	141526467	141526500	29	23	19	28	0|0	0.939526986	NA
chr7	156980161	156980184	22	12	12	10	0|0	0.939526986	NA
chr8	41419300	41421309	42	39	55	38	0|0	0.939526986	NA
chr8	60957132	60957156	40	38	35	34	0|0	0.939526986	NA
chr8	67094114	67094150	64	71	66	57	0|0	0.939526986	NA
chr8	67733202	67733234	22	23	24	33	0|0	0.939526986	NA
chr8	70026368	70026394	23	19	12	19	0|0	0.939526986	NA
chr8	73902882	73902920	66	57	51	45	0|0	0.939526986	NA
chr8	92447804	92447829	44	46	32	27	0|0	0.939526986	NA
chr8	94148543	94148578	25	29	27	17	0|0	0.939526986	NA
chr8	112970397	112970426	20	15	12	15	0|0	0.939526986	NA
chr8	113328439	113328633	68	77	59	65	0|0	0.939526986	NA
chr8	124106339	124106369	19	21	19	20	0|0	0.939526986	NA
chr8	126928100	126928121	51	37	28	25	0|0	0.939526986	NA
chr8	140152232	140152258	34	27	32	21	0|0	0.939526986	NA
chr9	4673172	4673203	34	34	45	37	0|0	0.939526986	NA
chr9	17164313	17164385	25	15	20	24	0|0	0.939526986	NA
chr9	19180861	19181665	24	19	46	34	0|0	0.939526986	NA
chr9	19181635	19181935	25	22	40	33	0|0	0.939526986	NA
chr9	32498984	32499008	31	25	39	32	0|0	0.939526986	NA
chr9	69112921	69113246	20	18	14	18	0|0	0.939526986	NA
chr9	80088072	80088095	47	39	49	52	0|0	0.939526986	NA
chr9	111894654	111894680	22	17	37	32	0|0	0.939526986	NA
chr9	115588175	115588200	27	33	33	43	0|0	0.939526986	NA
chr9	129947981	129948010	25	27	18	18	0|0	0.939526986	NA
chrX	8383702	8383720	31	44	0	0	0	0.939526986	NA
chrX	9200952	9200976	34	41	0	0	0	0.939526986	NA
chrX	12417995	12418021	78	68	0	0	0	0.939526986	NA
chrX	12417995	12418021	78	68	0	0	0	0.939526986	NA
chrX	12560477	12560507	62	40	0	0	0	0.939526986	NA
chrX	22277366	22277396	20	14	0	0	0	0.939526986	NA
chrX	24069378	24069403	82	90	0	0	0	0.939526986	NA
chrX	24435903	24435937	108	143	0	0	0	0.939526986	NA
chrX	24435903	24435937	108	143	0	0	0	0.939526986	NA
chrX	25347511	25347561	79	61	0	0	0	0.939526986	NA
chrX	25347511	25347561	79	61	0	0	0	0.939526986	NA
chrX	31585325	31585356	58	50	0	0	0	0.939526986	NA
chrX	40602651	40602672	38	31	0	0	0	0.939526986	NA
chrX	41873285	41873310	23	31	0	0	0	0.939526986	NA
chrX	42714279	42714304	23	30	0	0	0	0.939526986	NA
chrX	44517344	44517367	49	29	0	0	0	0.939526986	NA
chrX	44517344	44518616	61	60	0	0	0	0.939526986	NA
chrX	46479430	46479453	37	31	0	0	0	0.939526986	NA
chrX	46633360	46633387	43	32	0	0	0	0.939526986	NA
chrX	48221704	48221727	21	22	0	0	0	0.939526986	NA
chrX	48523192	48526119	159	160	0	0	0	0.939526986	NA
chrX	48523192	48526119	159	160	0	0	0	0.939526986	NA
chrX	48526091	48526119	54	46	0	0	0	0.939526986	NA
chrX	49137500	49137544	19	24	0	0	0	0.939526986	NA
chrX	52879753	52980877	189	156	0	0	0	0.939526986	NA
chrX	53181679	53181704	43	43	0	0	0	0.939526986	NA
chrX	53181679	53183469	45	52	0	0	0	0.939526986	NA
chrX	54525361	54525392	35	36	0	0	0	0.939526986	NA
chrX	70370937	70370958	64	82	0	0	0	0.939526986	NA
chrX	70977177	70977215	48	67	0	0	0	0.939526986	NA
chrX	70977177	70977215	48	67	0	0	0	0.939526986	NA
chrX	71835833	71836648	92	110	0	0	0	0.939526986	NA
chrX	72742077	72972615	138	143	0	0	0	0.939526986	NA
chrX	102354217	102487600	112	99	0	0	0	0.939526986	NA
chrX	103141766	103141975	64	59	0	0	0	0.939526986	NA
chrX	106175042	106175078	27	29	0	0	0	0.939526986	NA
chrX	107762814	107762834	33	28	0	0	0	0.939526986	NA
chrX	118757526	118757554	30	18	0	0	0	0.939526986	NA
chrX	119057942	119057972	30	25	0	0	0	0.939526986	NA
chrX	130205875	130205895	28	32	0	0	0	0.939526986	NA
chrX	135040953	135040976	50	58	0	0	0	0.939526986	NA
chrX	135718919	135735167	47	52	0	0	0	0.939526986	NA
chrX	137836600	137836620	31	44	0	0	0	0.939526986	NA
chrX	139694403	139694428	101	87	0	4	0	0.939526986	NA
chrX	139694403	139694428	101	87	0	4	0	0.939526986	NA
chrX	141055049	141112447	94	83	2	0	0	0.939526986	NA
chrX	142019842	142019872	24	20	0	0	0	0.939526986	NA
chrX	143691850	143691872	53	46	0	1	0	0.939526986	NA
chrX	143691850	143691872	53	46	0	1	0	0.939526986	NA
chrX	146103153	146103175	22	21	0	1	0	0.939526986	NA
chrX	153115506	153146523	85	121	0	1	0	0.939526986	NA
chrY	4939203	4939232	27	24	0	0	0	0.939526986	NA
chrY	7740220	7740530	27	27	0	0	0	0.939526986	NA
chrY	17451215	18478538	170	186	0	0	0	0.939526986	NA
chr1	13203442	13245847	72	24	33	67	0|0	0.939526985999999	NA
chr1	13203442	13252999	79	35	38	74	0|0	0.939526985999999	NA
chr1	16559388	16948963	2152	1776	2269	2364	0|0	0.939526985999999	NA
chr1	16561017	16948963	2150	1770	2266	2363	0|0	0.939526985999999	NA
chr1	17457644	17465637	54	131	101	93	0|0	0.939526985999999	NA
chr1	26632981	26652857	55	113	78	80	0|0	0.939526985999999	NA
chr1	93542443	93542472	110	110	73	155	0|0	0.939526985999999	NA
chr1	99620292	99620391	20	25	15	10	0|0	0.939526985999999	NA
chr1	148592522	148919618	265	186	170	230	0|0	0.939526985999999	NA
chr1	177688259	177691067	43	117	44	53	0|0	0.939526985999999	NA
chr10	13399305	13403003	51	124	79	98	0|0	0.939526985999999	NA
chr10	102079077	102079113	65	113	55	84	0|0	0.939526985999999	NA
chr10	102079077	102079113	65	113	55	84	0|0	0.939526985999999	NA
chr10	106726174	106728182	63	120	72	106	0|0	0.939526985999999	NA
chr10	109974558	109974590	145	63	83	68	0|0	0.939526985999999	NA
chr10	109974558	109974590	145	63	83	68	0|0	0.939526985999999	NA
chr10	133655987	133797422	126	308	171	188	0|0	0.939526985999999	NA
chr10	133687108	133797422	89	170	106	103	0|0	0.939526985999999	NA
chr10	133688906	133797422	89	170	106	103	0|0	0.939526985999999	NA
chr11	70493367	70493393	32	46	31	13	0|0	0.939526985999999	NA
chr11	107570776	107570801	125	94	43	92	0|0	0.939526985999999	NA
chr11	107570776	107570801	125	94	43	92	0|0	0.939526985999999	NA
chr11	117206637	117210043	25	12	21	12	0|0	0.939526985999999	NA
chr12	12171227	12180123	48	118	84	84	0|0	0.939526985999999	NA
chr12	49485350	49493123	49	125	109	97	0|0	0.939526985999999	NA
chr12	53681973	53682001	24	12	27	18	0|0	0.939526985999999	NA
chr12	98619874	98647277	136	297	226	246	0|0	0.939526985999999	NA
chr12	104250945	104256813	46	99	93	64	0|0	0.939526985999999	NA
chr14	73293701	73307397	57	196	92	69	0|0	0.939526985999999	NA
chr14	73557980	73564318	108	201	94	93	0|0	0.939526985999999	NA
chr14	73557980	73564318	108	201	94	93	0|0	0.939526985999999	NA
chr14	74309213	74320913	109	224	96	113	0|0	0.939526985999999	NA
chr15	23129336	23351659	154	46	106	108	0|0	0.939526985999999	NA
chr16	1229923	1258115	214	114	106	133	0|0	0.939526985999999	NA
chr16	14887061	15031135	256	330	161	223	0|0	0.939526985999999	NA
chr16	18257223	18381354	100	264	126	154	0|0	0.939526985999999	NA
chr16	22463161	22540070	162	92	117	71	0|0	0.939526985999999	NA
chr16	22463161	22700349	1956	1703	1301	1243	0|0	0.939526985999999	NA
chr16	22463161	22700349	1956	1703	1301	1243	0|0	0.939526985999999	NA
chr16	75200562	75223427	247	68	115	140	0|0	0.939526985999999	NA
chr17	30621872	30637957	47	112	93	67	0|0	0.939526985999999	NA
chr17	64892512	64920830	51	75	88	44	0|0	0.939526985999999	NA
chr17	76603712	76603736	24	12	23	13	0|0	0.939526985999999	NA
chr19	5792300	5797482	55	108	62	79	0|0	0.939526985999999	NA
chr19	6196151	6211810	87	249	170	116	0|0	0.939526985999999	NA
chr19	6197386	6204044	84	132	119	67	0|0	0.939526985999999	NA
chr19	16605457	16609968	50	99	64	47	0|0	0.939526985999999	NA
chr19	40975273	40979346	45	114	63	76	0|0	0.939526985999999	NA
chr2	47383305	47383332	87	34	46	57	0|0	0.939526985999999	NA
chr2	47383305	47383332	87	34	46	57	0|0	0.939526985999999	NA
chr2	47383305	47406743	95	242	124	160	0|0	0.939526985999999	NA
chr2	51239915	51239941	45	100	72	45	0|0	0.939526985999999	NA
chr2	51240407	51241603	45	103	72	49	0|0	0.939526985999999	NA
chr2	70208911	70208939	109	43	46	66	0|0	0.939526985999999	NA
chr2	109957657	110068519	140	255	149	159	0|0	0.939526985999999	NA
chr2	130512247	130649652	288	392	295	300	0|0	0.939526985999999	NA
chr2	151442376	151442414	55	114	88	71	0|0	0.939526985999999	NA
chr2	160389703	160389731	49	109	84	71	0|0	0.939526985999999	NA
chr2	169776201	169784648	66	132	90	77	0|0	0.939526985999999	NA
chr2	179343104	179343128	31	86	63	52	0|0	0.939526985999999	NA
chr20	34414454	34426364	61	164	80	92	0|0	0.939526985999999	NA
chr20	36996691	37002252	77	140	102	75	0|0	0.939526985999999	NA
chr22	1	11377961	2418	2037	2084	2333	0|0	0.939526985999999	NA
chr22	1	11377961	2418	2037	2084	2333	0|0	0.939526985999999	NA
chr22	1	11377961	2418	2037	2084	2333	0|0	0.939526985999999	NA
chr22	12278317	12871088	2508	2791	2567	2753	0|0	0.939526985999999	NA
chr22	12279684	12904127	2518	2818	2582	2774	0|0	0.939526985999999	NA
chr22	18393056	18537409	73	21	20	55	0|0	0.939526985999999	NA
chr22	18778524	18850880	57	72	23	93	0|0	0.939526985999999	NA
chr22	21337214	21565793	554	390	499	485	0|0	0.939526985999999	NA
chr22	39376413	39380186	46	112	84	65	0|0	0.939526985999999	NA
chr4	99937918	99938243	24	16	21	11	0|0	0.939526985999999	NA
chr4	177513261	177520598	68	159	70	102	0|0	0.939526985999999	NA
chr5	17513941	17599327	128	207	191	209	0|0	0.939526985999999	NA
chr5	46433423	47106184	54	215	131	171	0|0	0.939526985999999	NA
chr5	47154414	49936500	266	125	270	183	0|0	0.939526985999999	NA
chr5	154653123	154656200	43	92	73	61	0|0	0.939526985999999	NA
chr5	175915965	175993377	246	443	429	413	0|0	0.939526985999999	NA
chr6	1664347	1669941	47	95	116	86	0|0	0.939526985999999	NA
chr6	7436499	7450163	66	197	243	189	0|0	0.939526985999999	NA
chr6	34946586	34946605	33	88	85	100	0|0	0.939526985999999	NA
chr6	72613492	72613593	112	47	141	85	0|0	0.939526985999999	NA
chr6	108190817	108204832	60	169	172	173	0|0	0.939526985999999	NA
chr6	150611740	150611835	84	145	160	182	0|0	0.939526985999999	NA
chr6	154415099	154418973	56	146	113	110	0|0	0.939526985999999	NA
chr6	154691506	154697193	45	118	102	117	0|0	0.939526985999999	NA
chr6	158748845	158749421	35	77	69	93	0|0	0.939526985999999	NA
chr6	169586849	169586877	67	119	122	159	0|0	0.939526985999999	NA
chr7	5111612	5111638	20	14	15	10	0|0	0.939526985999999	NA
chr7	11781010	11781038	22	61	33	44	0|0	0.939526985999999	NA
chr7	22314973	22316998	57	196	106	114	0|0	0.939526985999999	NA
chr7	22316129	22317003	55	170	103	99	0|0	0.939526985999999	NA
chr7	62376064	62408556	375	247	228	249	0|0	0.939526985999999	NA
chr7	63288862	63447168	185	200	76	231	0|0	0.939526985999999	NA
chr7	63288862	63447168	185	200	76	231	0|0	0.939526985999999	NA
chr7	70716638	70716674	146	73	72	86	0|0	0.939526985999999	NA
chr7	70716638	70716674	146	73	72	86	0|0	0.939526985999999	NA
chr7	76448646	76448828	21	15	10	15	0|0	0.939526985999999	NA
chr7	100513630	100513694	24	13	10	15	0|0	0.939526985999999	NA
chr7	101142286	101142315	121	52	57	80	0|0	0.939526985999999	NA
chr7	101837832	101837865	105	47	70	85	0|0	0.939526985999999	NA
chr7	101965850	101965885	67	28	30	62	0|0	0.939526985999999	NA
chr7	107934899	107935101	28	71	43	29	0|0	0.939526985999999	NA
chr7	107935177	107936052	28	84	48	34	0|0	0.939526985999999	NA
chr7	120728134	120728181	120	52	66	75	0|0	0.939526985999999	NA
chr7	121025849	121026683	57	111	102	52	0|0	0.939526985999999	NA
chr7	121026819	121027019	56	101	96	50	0|0	0.939526985999999	NA
chr7	121402664	121405512	50	148	103	71	0|0	0.939526985999999	NA
chr7	121405492	121405512	49	100	88	53	0|0	0.939526985999999	NA
chr7	131057785	131057975	110	225	138	112	0|0	0.939526985999999	NA
chr7	131078046	131078067	70	28	32	45	0|0	0.939526985999999	NA
chr7	140558697	140558718	83	190	138	86	0|0	0.939526985999999	NA
chr7	140558697	140558718	83	190	138	86	0|0	0.939526985999999	NA
chr8	7383217	7955303	230	420	979	860	0|0	0.939526985999999	NA
chr8	7565762	7768778	30	81	84	248	0|0	0.939526985999999	NA
chr8	7605945	7955303	143	356	768	615	0|0	0.939526985999999	NA
chr8	7611440	7933168	133	345	703	600	0|0	0.939526985999999	NA
chr8	12116327	12176742	139	331	627	655	0|0	0.939526985999999	NA
chr8	12116327	12226226	213	419	848	822	0|0	0.939526985999999	NA
chr8	12116327	12227918	220	420	849	834	0|0	0.939526985999999	NA
chr8	17132316	17137546	36	37	111	53	0|0	0.939526985999999	NA
chr8	85734213	85741952	93	41	40	63	0|0	0.939526985999999	NA
chr8	100925936	100934188	48	119	53	84	0|0	0.939526985999999	NA
chr9	39621699	39822267	104	192	167	163	0|0	0.939526985999999	NA
chr9	40197669	42273023	5127	5457	5352	5376	0|0	0.939526985999999	NA
chr9	42307555	42703890	923	751	869	842	0|0	0.939526985999999	NA
chr9	60899243	61463905	533	249	414	435	0|0	0.939526985999999	NA
chr9	61987464	63369521	2350	1748	2097	2071	0|0	0.939526985999999	NA
chr9	62148478	63440371	2098	1757	1976	1980	0|0	0.939526985999999	NA
chr9	65048365	65396907	357	571	509	485	0|0	0.939526985999999	NA
chr9	65647382	66113635	325	509	404	420	0|0	0.939526985999999	NA
chr9	66352332	66613667	55	57	32	97	0|0	0.939526985999999	NA
chr9	67375435	67615724	453	269	349	346	0|0	0.939526985999999	NA
chr9	67397775	67614561	432	244	332	325	0|0	0.939526985999999	NA
chr9	124924637	124925243	127	55	80	91	0|0	0.939526985999999	NA
chr9	124924637	124925243	127	55	80	91	0|0	0.939526985999999	NA
chrX	20090374	20097598	48	131	0	0	0	0.939526985999999	NA
chrX	55452479	55523226	231	123	0	0	0	0.939526985999999	NA
chrX	72742077	73003634	141	335	0	0	0	0.939526985999999	NA
chrX	97438113	97438142	148	257	0	0	0	0.939526985999999	NA
chrX	141484681	141600026	99	221	2	2	0	0.939526985999999	NA
chrX	141526935	141595303	58	139	2	1	0	0.939526985999999	NA
chrY	17594370	17953690	97	31	0	0	0	0.939526985999999	NA
chrY	17594370	18292282	153	64	0	0	0	0.939526985999999	NA
chr1	215056310	215056534	32	21	10	16	0|0	0.939526985999998	NA
chr10	103299631	103299656	22	21	11	22	0|0	0.939526985999998	NA
chr11	132632039	132632161	25	22	9	9	0|0	0.939526985999998	NA
chr17	28391709	28391732	21	11	21	19	0|0	0.939526985999998	NA
chr3	25785137	25785159	21	11	17	17	0|0	0.939526985999998	NA
chr16	28909723	28910059	27	17	17	10	0|0	0.939526985999996	NA
chr16	69490608	69490637	29	18	23	11	0|0	0.939526985999996	NA
chr7	77670602	77670635	12	14	11	9	0|0	0.939526985999996	NA
chr7	100639579	100639600	40	14	22	33	0|0	0.939526985999996	NA
chr10	47462199	47966743	1572	2009	1822	1075	0|0	0.939526985999992	NA
chr11	28968679	28968703	22	27	18	10	0|0	0.939526985999992	NA
chr11	96068831	96068852	33	21	12	30	0|0	0.939526985999992	NA
chr14	1	19415513	2578	5256	2983	2410	0|0	0.939526985999992	NA
chr14	16094429	19391856	2506	5076	2892	2311	0|0	0.939526985999992	NA
chr15	1	17504167	312	779	797	573	0|0	0.939526985999992	NA
chr15	1	17504167	312	779	797	573	0|0	0.939526985999992	NA
chr15	19776333	22304590	4374	5218	4966	6309	0|0	0.939526985999992	NA
chr15	19776333	22307344	4375	5220	4968	6314	0|0	0.939526985999992	NA
chr15	20012666	22304590	4246	3536	3800	5118	0|0	0.939526985999992	NA
chr16	21130296	21736918	3303	4732	2806	2692	0|0	0.939526985999992	NA
chr17	16805451	16845228	473	100	349	269	0|0	0.939526985999992	NA
chr17	16805451	16845228	473	100	349	269	0|0	0.939526985999992	NA
chr19	3332247	3332937	15	21	10	18	0|0	0.939526985999992	NA
chr2	110048155	110663853	2444	987	1317	1325	0|0	0.939526985999992	NA
chr2	110278267	110657346	273	781	358	455	0|0	0.939526985999992	NA
chr20	30811899	30924044	342	1644	929	910	0|0	0.939526985999992	NA
chr20	30811899	30943689	518	1997	1201	1155	0|0	0.939526985999992	NA
chr20	31104375	31199966	96	507	316	188	0|0	0.939526985999992	NA
chr20	34467524	34467543	22	22	9	12	0|0	0.939526985999992	NA
chr20	36725601	36725625	23	19	18	10	0|0	0.939526985999992	NA
chr21	6365796	10168837	5625	9032	5643	5511	0|0	0.939526985999992	NA
chr22	11547338	11975565	1663	653	1105	1191	0|0	0.939526985999992	NA
chr22	11547338	11976056	1672	657	1107	1196	0|0	0.939526985999992	NA
chr22	11547338	16262406	6564	10212	8434	8513	0|0	0.939526985999992	NA
chr4	49091096	49272726	294	890	548	572	0|0	0.939526985999992	NA
chr4	49091096	49273171	297	892	550	583	0|0	0.939526985999992	NA
chr4	49099313	49658045	1261	2155	1718	1584	0|0	0.939526985999992	NA
chr7	5882617	6134295	783	1319	281	1286	0|0	0.939526985999992	NA
chr7	62070247	62284243	1028	219	584	336	0|0	0.939526985999992	NA
chr7	62104097	62218530	399	106	279	71	0|0	0.939526985999992	NA
chr7	62374093	62454847	1092	377	522	554	0|0	0.939526985999992	NA
chr7	97422308	97468454	97	468	120	329	0|0	0.939526985999992	NA
chr7	144186902	144292435	411	86	279	104	0|0	0.939526985999992	NA
chr7	144186902	144292435	411	86	279	104	0|0	0.939526985999992	NA
chr8	12394463	12609007	369	801	1765	1255	0|0	0.939526985999992	NA
chr8	127146598	127146621	45	64	18	66	0|0	0.939526985999992	NA
chr9	61818004	62147132	675	195	443	404	0|0	0.939526985999992	NA
chr9	61827155	61986086	398	75	269	224	0|0	0.939526985999992	NA
chr9	61827155	62147591	670	189	442	401	0|0	0.939526985999992	NA
chr9	62148478	65384781	6927	4398	5776	5699	0|0	0.939526985999992	NA
chr9	66773034	67614561	714	1934	1390	1363	0|0	0.939526985999992	NA
chr1	212880790	212880825	27	17	25	11	0|0	0.939526985999984	NA
chr14	49681832	49681858	28	39	10	19	0|0	0.939526985999984	NA
chr2	32075427	32075502	20	13	10	19	0|0	0.939526985999984	NA
chr8	34780249	34780274	19	29	13	38	0|0	0.939526985999971	NA
chr3	76812344	76812365	31	12	33	29	0|0	0.939526985999969	NA
chr4	186758024	186758046	33	19	20	10	0|0	0.939526985999969	NA
chr12	27768404	27768427	19	10	15	13	0|0	0.939526985999968	NA
chr19	47123514	47123833	15	10	14	9	0|0	0.939526985999966	NA
chr16	14806736	15330842	3473	603	1295	1433	0|0	0.939526985999939	NA
chr16	32691740	34084938	1123	5082	2644	1475	0|0	0.939526985999939	NA
chr2	89828927	91643064	3664	1267	1149	3002	0|0	0.939526985999939	NA
chr20	28557509	29198261	5379	1420	2913	3128	0|0	0.939526985999939	NA
chr20	28557509	29203954	5379	1420	2913	3128	0|0	0.939526985999939	NA
chr1	236374455	236375685	29	26	9	15	0|0	0.939526985999937	NA
chr12	10229427	10230432	20	10	17	25	0|0	0.939526985999937	NA
chr14	92111052	92111350	31	26	9	15	0|0	0.939526985999937	NA
chr19	18916948	18916975	15	16	15	9	0|0	0.939526985999937	NA
chr2	9061588	9061630	39	13	23	29	0|0	0.93952698599988	NA
chr1	20863379	20863402	22	20	16	9	0|0	0.939526985999875	NA
chr8	143640936	143640969	26	16	16	9	0|0	0.939526985999875	NA
chr12	25015088	25015120	22	10	27	12	0|0	0.939526985999752	NA
chr7	138619559	138619591	21	19	8	11	0|0	0.939526985999749	NA
chrX	94830	1301470	7023	22535	14	149	0	0.939526985999725	NA
chrX	94830	1866370	10714	34139	17	230	0	0.939526985999725	NA
chrX	154769859	156040895	2743	16230	70	181	0	0.939526985999725	NA
chr2	97394579	97421998	59	16	42	23	0|0	0.939526985999548	NA
chr19	7822234	7822259	18	15	24	10	0|0	0.939526985999515	NA
chr11	27189776	27189797	20	21	8	12	0|0	0.939526985999502	NA
chr14	18612699	18864117	431	96	295	55	0|0	0.939526985999458	NA
chrX	94351832	94351852	22	10	0	0	0	0.93952698599926	NA
chr7	37297604	37297621	54	15	42	31	0|0	0.939526985999094	NA
chr7	37297604	37297621	54	15	42	31	0|0	0.939526985999094	NA
chr1	215926212	215926240	25	21	13	8	0|0	0.939526985999013	NA
chr2	74510397	74510418	20	26	8	13	0|0	0.939526985999013	NA
chr4	94284330	94284364	21	12	13	8	0|0	0.939526985999013	NA
chr1	178479898	178479931	23	17	20	9	0|0	0.939526985998066	NA
chr2	45605905	45605931	19	9	17	18	0|0	0.939526985998051	NA
chr14	69406490	69406711	21	24	8	7	0|0	0.939526985997998	NA
chr13	18179722	18206397	170	34	149	45	0|0	0.939526985997229	NA
chr19	46649383	46649916	20	9	14	13	0|0	0.939526985996133	NA
chr3	184213714	184213733	20	9	13	12	0|0	0.939526985996133	NA
chr7	144292843	144355034	49	215	30	149	0|0	0.93952698598859	NA
chr4	67694220	67694250	34	11	13	13	0|0	0.939526985985182	NA
chr19	36185415	36185587	18	23	9	23	0|0	0.939526985984905	NA
chr2	222615539	222616574	22	23	9	23	0|0	0.939526985984905	NA
chr11	27461343	27461364	24	15	8	17	0|0	0.939526985984702	NA
chr18	62783145	62783173	22	20	17	8	0|0	0.939526985984702	NA
chr11	109875121	109875144	50	43	9	24	0|0	0.939526985970055	NA
chr11	109875121	109875144	50	43	9	24	0|0	0.939526985970055	NA
chr19	14773082	14773117	17	14	18	8	0|0	0.939526985969653	NA
chr6	53226965	53226989	18	8	13	19	0|0	0.939526985939307	NA
chr10	93050761	93050783	25	9	15	11	0|0	0.939526985881189	NA
chr19	10956013	10956301	17	14	6	8	0|0	0.939526985877334	NA
chr1	179237828	179237851	18	19	21	8	0|0	0.939526985763072	NA
chr2	111863848	111864427	19	14	9	6	0|0	0.939526985756671	NA
chr6	161619235	161619260	21	8	17	16	0|0	0.939526985526145	NA
chr11	83837725	83837753	21	8	8	8	0|0	0.939526985526081	NA
chr16	31820836	31820862	22	19	16	7	0|0	0.939526985523672	NA
chr14	19397702	19402376	34	10	10	18	0|0	0.939526985084683	NA
chr11	22329871	22329894	27	21	7	17	0|0	0.939526985055056	NA
chr19	19254204	19254233	15	9	12	6	0|0	0.939526984100128	NA
chr14	76859536	76859564	23	13	5	5	0|0	0.93952698405905	NA
chr19	14457296	14457322	29	23	7	19	0|0	0.939526982281167	NA
chr19	16707146	16707171	17	7	5	7	0|0	0.939526980290546	NA
chr2	98448048	98448385	19	7	16	11	0|0	0.939526978562336	NA
chr11	43682546	43682577	19	7	10	9	0|0	0.939526978562334	NA
chr19	2874745	2874766	18	10	14	6	0|0	0.93952697852352	NA
chr11	4268223	4292446	140	27	48	57	0|0	0.93952697469813	NA
chr19	40474159	40474180	17	10	15	6	0|0	0.939526971168096	NA
chr7	10988018	10988052	36	10	9	5	0|0	0.939526967366862	NA
chr22	18345900	18569796	201	37	145	72	0|0	0.939526966377374	NA
chr11	43590439	43590466	40	27	7	22	0|0	0.939526956965945	NA
chr4	7872933	7872966	21	7	12	14	0|0	0.939526956729016	NA
chr11	39364704	39364724	23	16	5	13	0|0	0.939526753197597	NA
chr14	23504150	23504319	21	20	13	5	0|0	0.939526753197597	NA
chr16	16326564	16413171	24	11	20	6	0|0	0.939526530279649	NA
chr2	159844324	159844352	19	6	13	10	0|0	0.939526526560836	NA
chr8	100972913	100972940	19	6	12	9	0|0	0.939526526560828	NA
chr9	123021285	123021313	20	6	17	12	0|0	0.939526074559771	NA
chr2	97429609	97490533	7	16	4	9	0|0	0.939526059415296	NA
chr11	104593335	104593379	20	6	5	11	0|0	0.939526015404815	NA
chr19	14707241	14707262	17	12	16	5	0|0	0.939525168443602	NA
chrX	76141335	76149059	26	7	0	0	0	0.93952428789228	NA
chr15	72662234	72666056	28	9	6	25	0|0	0.939512982942633	NA
chr2	39295035	39295473	21	8	5	19	0|0	0.939512795495047	NA
chr19	33083245	33083263	15	17	13	4	0|0	0.939512605546083	NA
chr2	56071089	56071117	19	5	11	14	0|0	0.93949860636658	NA
chr7	62409105	62456710	754	127	305	320	0|0	0.939483414579486	NA
chr8	8065979	8118853	45	9	32	153	0|0	0.939421105890333	NA
chr4	82404724	82404864	22	8	16	4	0|0	0.93941472415996	NA
chr2	202571980	202572003	8	6	3	10	0|0	0.939413218531613	NA
chr5	49599389	49613619	16	4	20	5	0|0	0.939274271151325	NA
chr7	23366558	23366582	47	9	15	28	0|0	0.939110431804634	NA
chr15	32531045	32593874	5	2	3	3	0|0	0.939067819462038	NA
chr5	46801304	47063629	2	1	2	2	0|0	0.93592257086087	NA
chr5	46801304	47063629	2	1	2	2	0|0	0.93592257086087	NA
chr1	149843372	149874696	52	48	82	14	0|0	0.933575443616385	NA
chr15	20799271	20871498	18	8	6	44	0|1	0.872022508684474	NA
chr2	233516861	233516882	18	2	13	14	1|1	0.78868100783692	NA
chr17	36181986	36214164	20	1	10	0	1|1	0.667541993353342	NA
chr16	35948667	35969022	171	1	17	120	1|1	0.666671589926922	NA
chr13	1	18357550	977	86	978	126	1|1	0.66666666666667	NA
chr13	1	18357550	977	86	978	126	1|1	0.66666666666667	NA
chr13	17704458	18357550	977	86	977	126	1|1	0.66666666666667	NA
chr13	18214790	18330976	708	27	719	47	1|1	0.66666666666667	NA
chr2	89841207	90402399	1836	53	60	1548	1|1	0.66666666666667	NA
chr2	89841618	90402399	1836	53	60	1548	1|1	0.66666666666667	NA
chr2	89852959	90402250	1772	53	37	1523	1|1	0.666666666666665	NA
chr8	12339383	12393528	102	3	270	30	1|1	0.666666666666665	NA
chr20	30145335	30149903	38	1	40	0	1|1	0.666666666395751	NA
chr5	49609871	49626615	97	11	134	11	1|1	0.666666666050046	NA
chr7	140476473	140476498	21	3	14	13	0|0	0.646334838046629	NA
chr16	16353600	16413171	21	3	17	5	0|0	0.646323531627914	NA
chr11	83360786	83360818	7	8	10	1	0|0	0.642583684311454	NA
chr8	7565762	7585044	3	0	1	11	1|1	0.526112890880995	NA
chr1	72301184	72368692	2	403	282	79	0|0	1	NA
chr1	125079520	144129321	516	6477	3412	3380	0|0	1	NA
chr1	125079520	144163244	522	6480	3420	3386	0|0	1	NA
chr10	41845297	42199095	122	954	449	459	0|0	1	NA
chr13	51731688	51745882	4	123	57	52	0|0	1	NA
chr15	45873325	45883458	2	71	52	43	0|0	1	NA
chr16	34062114	34099319	7	212	61	93	0|0	1	NA
chr16	34062114	34521085	181	3380	1080	1141	0|0	1	NA
chr16	78331666	78352459	0	204	108	29	0|0	1	NA
chr16	85114355	85132493	1	191	88	88	0|0	1	NA
chr17	82741247	82758408	1	102	68	56	0|0	1	NA
chr18	1	2231465	249	24713	9614	9752	0|0	1	NA
chr19	38739707	38751563	4	145	65	73	0|0	1	NA
chr2	34466601	34535327	18	549	309	106	0|0	1	NA
chr20	26599911	27136250	0	63	21	45	0|0	1	NA
chr20	29261767	29886233	871	7914	3979	4001	0|0	1	NA
chr20	29261767	29886233	871	7914	3979	4001	0|0	1	NA
chr20	31104375	31241112	149	939	543	384	0|0	1	NA
chr20	31104375	31244925	149	939	543	384	0|0	1	NA
chr4	9247805	9272295	8	193	136	37	0|0	1	NA
chr4	9451240	9480103	6	395	64	307	0|0	1	NA
chr8	46613292	46632816	1	549	142	508	0|0	1	NA
chrX	6644247	150091860	27498	1674914	2757	46	0	1	NA
chrX	6644247	150091860	27498	1674914	2757	46	0	1	NA
chrX	6644247	150091860	27498	1674914	2757	46	0	1	NA
chrX	150092324	156040895	6475	82398	99	1001	0	1	NA
chrX	150118845	155641072	4090	74395	29	940	0	1	NA
chrX	150118845	155686985	4107	74941	29	945	0	1	NA
chrY	10106306	11721702	735	7707	0	0	0	1	NA
chrY	10656987	11329490	103	2089	0	0	0	1	NA
chrY	11014104	11329490	103	2089	0	0	0	1	NA
chrY	11642918	11749059	37	512	0	0	0	1	NA
chrY	11643551	11749059	37	512	0	0	0	1	NA
chrY	56763195	57227415	12	236	0	0	0	1	NA
chrY	56763195	57227415	12	236	0	0	0	1	NA
chr15	35026496	35036342	0	24	17	14	0|0	0.99999999766862	NA
chr4	131744575	131749386	2	42	8	29	0|0	0.999999991912309	NA
chr17	82758645	82762536	0	18	8	8	0|0	0.999999857893365	NA
chr5	152134845	152139559	0	50	42	9	0|0	0.999999039721238	NA
chr6	138039398	138041039	0	13	4	7	0|0	0.99999560056196	NA
chr19	36271211	36274912	1	61	6	33	0|0	0.999538211658165	NA
chr5	178698995	178702115	2	15	17	9	0|0	0.996043479151237	NA
chr22	15953040	16022753	1	93	16	97	0|0	0.995417884236535	NA
chr21	13692618	13784515	3	56	6	39	0|0	0.989757870356291	NA
chr17	44696665	44696690	1	7	2	4	0|0	0.987045562126679	NA
chr12	34837319	37235446	1	7	1	3	0|0	0.986216311487449	NA
chr12	34846563	37235446	1	7	1	3	0|0	0.986216311487449	NA
chr20	31167237	31183719	19	147	136	21	0|0	0.984250375120971	NA
chr8	7271060	7298436	0	18	8	58	0|0	0.984236339295754	NA
chr2	32998646	33003393	0	58	37	4	0|0	0.984172401665116	NA
chr4	131723092	131727294	1	62	4	38	0|0	0.984167981049913	NA
chr4	145997188	146005729	2	51	4	43	0|0	0.984163631525726	NA
chr5	47241432	47308984	2	95	9	83	0|0	0.984163485328107	NA
chr13	111668917	111754459	1	45	2	42	0|0	0.984163485238322	NA
chr12	6132454	6138780	0	34	1	38	0|0	0.984163485176681	NA
chr6	58449441	58450994	0	35	1	41	0|0	0.984163485162418	NA
chr9	23364924	23377079	0	65	1	50	0|0	0.984163485162391	NA
chr1	72303775	72346297	0	236	176	3	0|0	0.984163485162385	NA
chr11	55184085	55217958	5	222	12	131	0|0	0.984163485162385	NA
chr11	81933057	81981040	0	254	4	149	0|0	0.984163485162385	NA
chr11	81933057	81982031	0	259	5	152	0|0	0.984163485162385	NA
chr12	9480271	9583153	7	400	449	10	0|0	0.984163485162385	NA
chr12	9481115	9580506	6	389	431	8	0|0	0.984163485162385	NA
chr12	33144389	33153825	0	66	76	0	0|0	0.984163485162385	NA
chr12	73399565	73424784	0	117	151	3	0|0	0.984163485162385	NA
chr12	73400359	73424784	0	117	150	3	0|0	0.984163485162385	NA
chr13	18785611	18802191	1	94	97	2	0|0	0.984163485162385	NA
chr17	56083299	56095533	0	74	0	70	0|0	0.984163485162385	NA
chr18	14280116	14298520	3	178	6	139	0|0	0.984163485162385	NA
chr19	20414308	20535405	11	742	11	716	0|0	0.984163485162385	NA
chr19	20414308	20537472	12	749	12	723	0|0	0.984163485162385	NA
chr19	20414852	20537472	12	741	12	717	0|0	0.984163485162385	NA
chr2	34470333	34511612	15	257	189	7	0|0	0.984163485162385	NA
chr2	97427769	97547920	9	165	10	122	0|0	0.984163485162385	NA
chr2	97493940	97545763	2	128	1	104	0|0	0.984163485162385	NA
chr2	126552449	126594828	3	277	203	21	0|0	0.984163485162385	NA
chr2	126554749	126594828	2	255	190	8	0|0	0.984163485162385	NA
chr22	11428146	11496908	10	389	393	18	0|0	0.984163485162385	NA
chr22	11428706	11496908	10	387	391	18	0|0	0.984163485162385	NA
chr22	15417924	15437747	1	107	136	7	0|0	0.984163485162385	NA
chr22	16303616	16327218	5	143	9	139	0|0	0.984163485162385	NA
chr22	16303616	16328294	5	158	10	143	0|0	0.984163485162385	NA
chr3	90668673	90789390	7	165	205	6	0|0	0.984163485162385	NA
chr3	90668673	90798986	7	165	205	6	0|0	0.984163485162385	NA
chr3	90669048	90718284	5	143	185	4	0|0	0.984163485162385	NA
chr3	96586140	96609195	2	79	119	2	0|0	0.984163485162385	NA
chr3	130044480	130087566	5	334	14	376	0|0	0.984163485162385	NA
chr4	9156850	9223758	15	468	27	466	0|0	0.984163485162385	NA
chr4	9157154	9217334	15	459	26	461	0|0	0.984163485162385	NA
chr4	10207484	10234233	3	338	324	30	0|0	0.984163485162385	NA
chr4	10209724	10234233	3	286	306	11	0|0	0.984163485162385	NA
chr4	34777525	34826866	5	213	1	252	0|0	0.984163485162385	NA
chr4	34777525	34827029	5	213	1	255	0|0	0.984163485162385	NA
chr4	34777525	34829859	5	235	10	269	0|0	0.984163485162385	NA
chr4	49271848	49293515	30	343	20	349	0|0	0.984163485162385	NA
chr4	69261477	69366742	15	532	18	546	0|0	0.984163485162385	NA
chr6	103287612	103315127	0	100	1	119	0|0	0.984163485162385	NA
chr6	103289635	103315127	0	96	0	118	0|0	0.984163485162385	NA
chr6	165311261	165319024	0	53	3	83	0|0	0.984163485162385	NA
chr7	57410426	57418812	1	120	107	1	0|0	0.984163485162385	NA
chr5	45005279	45014468	0	48	54	0	0|0	0.984163485162385	NA
chr2	3685086	3689942	0	32	0	40	0|0	0.984163485143637	NA
chr8	7912550	7968936	10	91	259	23	0|0	0.984163485119708	NA
chr18	66056604	66064895	2	33	47	0	0|0	0.984163448949984	NA
chr20	54030406	54041836	6	56	56	0	0|0	0.984163409389285	NA
chr20	31168616	31183719	16	114	120	8	0|0	0.984163144433392	NA
chr8	42333081	42337897	1	19	31	0	0|0	0.984154913492249	NA
chr16	34096121	34099716	0	1	0	0	0|0	0.977160743599342	NA
chr5	49647124	50058463	3	16	8	4	0|0	0.958544172610042	NA
chr10	39600703	39961226	1	7	6	0	0|0	0.955802409755088	NA
