chr	start	end	CC_counts_W	CC_counts_C	WC_counts_W	WC_counts_C	genotype	probability	low_read_density
chr1	13068691	13122466	112	132	8	178	0|1	1	NA
chr1	144088529	144883002	564	597	90	775	0|1	1	NA
chr1	149820007	149850408	58	62	13	90	0|1	0.995634480364458	NA
chr1	248519363	248528946	53	56	2	130	0|1	1	NA
chr11	4234684	4270165	52	153	168	14	1|0	1	NA
chr13	18172478	18408298	677	754	1878	107	1|0	1	NA
chr15	23295944	23312602	74	77	129	4	1|0	1	NA
chr15	82339922	82477207	184	188	15	502	0|1	1	NA
chr15	84246538	84410122	146	160	11	408	0|1	1	NA
chr16	14775670	15349501	1318	1511	3008	154	1|0	1	NA
chr16	32790426	33507173	613	608	1372	127	1|0	1	NA
chr22	12055657	12175654	352	66	513	69	1|0	0.999999999999858	NA
chr3	131968695	131978060	61	76	3	93	0|1	1	NA
chr4	187949824	187955117	21	39	1	50	0|1	0.999999999998307	NA
chr5	17529981	17599792	72	75	151	15	1|0	1	NA
chr5	181098175	181101375	27	26	4	36	0|1	0.994793405067534	NA
chr7	54224972	54319002	472	493	11	629	0|1	1	NA
chr7	60879554	61728421	2032	2179	2595	396	1|0	1	NA
chr7	62407722	62511368	407	512	574	81	1|0	1	NA
chr7	143590577	143843845	258	268	341	31	1|0	1	NA
chr8	2279950	2448562	251	224	362	42	1|0	1	NA
chr8	7717760	7955390	283	390	505	77	1|0	0.999999999999261	NA
chr8	8010405	8054315	197	55	19	163	0|1	0.999999999999957	NA
chr9	41309929	41573547	601	624	1236	202	1|0	0.999999971245018	NA
chr9	60993761	61292627	146	168	294	46	1|0	0.999962349517079	NA
chr9	64773751	64991579	459	403	1063	97	1|0	1	NA
chr9	123979518	123991110	92	85	226	2	1|0	1	NA
chrX	52040135	52176862	660	734	19	1148	0|1	1	NA
chrX	55457271	55493987	131	124	9	181	0|1	1	NA
chrX	102338312	102347969	54	66	0	126	0|1	1	NA
chrX	149599118	149657330	432	361	38	911	0|1	1	NA
chrX	149658417	149744207	322	362	749	66	1|0	1	NA
chrX	152702624	152743060	158	134	315	36	1|0	1	NA
chrX	154337600	154394380	332	368	758	29	1|0	1	NA
chrX	154555766	154645807	204	201	37	453	0|1	1	NA
chr1	26641486	26646849	49	1	16	24	1|1	0.999999999998362	NA
chr1	108302125	108460653	882	33	297	310	1|1	1	NA
chr1	120324178	120664533	1590	141	651	703	1|1	1	NA
chr1	121816909	121823290	24	0	8	12	1|1	0.999999253485367	NA
chr1	146257041	148648694	24526	585	9770	10417	1|1	1	NA
chr1	148918636	149320838	1865	276	834	888	1|1	1	NA
chr10	55007563	55013187	50	0	23	26	1|1	0.999999999999986	NA
chr10	91443344	91446220	35	0	13	21	1|1	0.999999999600138	NA
chr11	311374	318258	91	6	40	50	1|1	1	NA
chr11	1894043	1915701	254	13	129	107	1|1	1	NA
chr11	4269812	4289271	65	4	16	39	1|1	0.999999999993925	NA
chr11	49714858	49728265	128	2	55	61	1|1	1	NA
chr11	50134765	50360879	2484	29	1218	1212	1|1	1	NA
chr11	62095352	62100661	27	1	13	14	1|1	0.999994290264604	NA
chr12	17769997	17859246	767	17	397	508	1|1	1	NA
chr12	34816800	34818334	30	0	18	21	1|1	0.999999987731646	NA
chr12	86846421	86859306	83	0	36	39	1|1	1	NA
chr15	20958741	21064624	449	54	231	290	1|1	1	NA
chr15	21113890	21189754	170	15	89	146	1|1	1	NA
chr15	21362912	21417911	34	3	26	27	1|1	0.999831604706912	NA
chr15	72662255	72665969	47	4	9	33	1|1	0.999998546622924	NA
chr16	1232610	1253903	153	13	90	89	1|1	1	NA
chr16	21583197	22698698	8319	1298	5504	5416	1|1	1	NA
chr16	28342684	28652009	1985	122	1235	1322	1|1	1	NA
chr16	34599837	38280291	16631	388	10057	9951	1|1	1	NA
chr16	75206259	75222821	169	3	113	109	1|1	1	NA
chr17	43233418	43322773	160	8	206	192	1|1	1	NA
chr18	12145022	12150137	51	4	21	23	1|1	0.999999911542096	NA
chr18	20561589	20838967	657	6	345	255	1|1	1	NA
chr19	38773381	38789223	199	2	83	95	1|1	1	NA
chr2	90400016	91406286	46	4	14	32	1|1	0.999997285992704	low read density: check for inaccurate inversion coordinates
chr2	110095092	110276394	1680	16	901	1072	1|1	1	NA
chr2	138247530	138251183	28	0	20	20	1|1	0.999999951745645	NA
chr20	28494972	28557391	77	1	49	20	1|1	1	NA
chr20	29889660	30424837	3774	317	2025	1936	1|1	1	NA
chr21	1	5161135	245	13	100	175	1|1	1	low read density: check for inaccurate inversion coordinates
chr21	5392710	6364184	199	2	94	117	1|1	1	low read density: check for inaccurate inversion coordinates
chr21	40024023	40037963	139	7	79	76	1|1	1	NA
chr22	21442963	21496100	338	17	200	259	1|1	1	NA
chr3	187414589	187424879	48	2	25	23	1|1	0.999999999806159	NA
chr4	87926055	87937207	103	2	57	60	1|1	1	NA
chr5	49623982	49646321	229	0	118	131	1|1	1	NA
chr5	64470716	64477819	139	6	46	61	1|1	1	NA
chr5	69953235	70088249	15	0	15	10	1|1	0.999645797499014	low read density: check for inaccurate inversion coordinates
chr5	179637491	179655580	208	8	99	99	1|1	1	NA
chr6	26710570	26748455	171	7	45	28	1|1	1	NA
chr6	106721157	106723689	21	2	4	15	1|1	0.979448325177798	NA
chr7	62147216	62384734	2492	231	917	952	1|1	1	NA
chr7	63348941	63382353	200	3	64	58	1|1	1	NA
chr7	65141337	65577649	4164	133	1424	1556	1|1	1	NA
chr7	70960582	70973828	255	2	89	97	1|1	1	NA
chr7	107418787	107422418	20	0	11	5	1|1	0.999988142662798	NA
chr7	144254899	144292552	326	14	144	104	1|1	1	NA
chr8	6297689	6300042	23	1	9	7	1|1	0.999911675964136	NA
chr8	8188213	8206858	87	0	21	62	1|1	1	NA
chr8	12226792	12233918	84	2	25	41	1|1	1	NA
chr9	60518633	60869744	515	14	374	337	1|1	1	NA
chr9	61282088	61459900	239	7	153	148	1|1	1	NA
chr9	63542265	64712557	4852	658	3587	3171	1|1	1	NA
chrX	51692872	51700464	147	3	54	62	1|1	1	NA
chrX	52488524	52510528	157	4	60	56	1|1	1	NA
chrX	52920102	52951601	184	2	82	73	1|1	1	NA
chrX	101601832	101611725	90	1	56	58	1|1	1	NA
chrX	103986601	104051143	910	7	477	459	1|1	1	NA
chrX	106278180	106288180	125	0	54	64	1|1	1	NA
chrX	115726316	115729586	35	0	27	23	1|1	0.999999999600138	NA
chr15	21356079	21417157	37	5	26	27	1|1	0.928874634516004	NA
chr1	125178676	143288535	37	214	127	105	0|0	0.90827623596598	NA
chr1	143238552	143288208	37	213	127	104	0|0	0.907568257660263	NA
chr20	31194281	31222274	19	95	24	87	0|0	0.906837461453348	NA
chr14	105863074	106061541	50	274	298	77	0|0	0.906836920286716	NA
chr15	21420367	21461124	9	21	22	14	0|0	0.906836911937834	NA
chr14	105867179	106061541	50	265	293	74	0|0	0.906836911924491	NA
chr5	49647396	50040315	11	32	28	27	0|0	0.906836911923093	NA
chr2	98448518	98449015	8	14	10	16	0|0	0.906836911922158	NA
chr13	108543727	108545498	12	35	30	40	0|0	0.906836911908963	NA
chr1	120324179	121801805	1847	7476	3667	3298	0|0	0.906836911906939	NA
chr20	28557239	29125634	5919	1475	3786	3262	0|0	0.906836911906939	NA
chr20	28557239	29203988	5919	1475	3786	3262	0|0	0.906836911906939	NA
chr7	65141408	66568367	4600	11197	5385	5554	0|0	0.906836911906939	NA
chr9	38967860	42086349	7436	8061	12615	6146	0|0	0.906836911906939	NA
chr9	38975326	42679490	8408	10375	14779	8204	0|0	0.906836911906939	NA
chr9	61852223	65317796	8276	3009	7639	6598	0|0	0.906836911906939	NA
chr5	47154440	49622873	11	22	21	19	0|0	0.906836911906854	NA
chr1	9745230	9745259	24	24	13	14	0|0	0.906836911906837	NA
chr1	22215260	22215299	69	68	56	58	0|0	0.906836911906837	NA
chr1	22215260	22215299	69	68	56	58	0|0	0.906836911906837	NA
chr1	24732055	24733812	104	97	71	85	0|0	0.906836911906837	NA
chr1	24775070	24775089	28	23	16	26	0|0	0.906836911906837	NA
chr1	24785005	24785024	20	28	18	12	0|0	0.906836911906837	NA
chr1	25283591	25287459	50	62	48	51	0|0	0.906836911906837	NA
chr1	32105214	32105434	25	14	20	25	0|0	0.906836911906837	NA
chr1	35447231	35447255	31	22	30	25	0|0	0.906836911906837	NA
chr1	42803075	42803862	24	26	18	20	0|0	0.906836911906837	NA
chr1	45564758	45564777	28	26	18	31	0|0	0.906836911906837	NA
chr1	60864862	60865044	23	25	28	19	0|0	0.906836911906837	NA
chr1	92416090	92416110	21	14	16	14	0|0	0.906836911906837	NA
chr1	105013523	105013562	26	15	13	15	0|0	0.906836911906837	NA
chr1	112680657	112680679	23	23	19	22	0|0	0.906836911906837	NA
chr1	149217688	149238220	37	46	32	34	0|0	0.906836911906837	NA
chr1	150177204	150177232	29	32	27	22	0|0	0.906836911906837	NA
chr1	150341107	150341135	20	33	28	36	0|0	0.906836911906837	NA
chr1	167470502	167470536	21	26	16	13	0|0	0.906836911906837	NA
chr1	173936517	173936728	33	23	35	38	0|0	0.906836911906837	NA
chr1	179198698	179198727	35	25	28	39	0|0	0.906836911906837	NA
chr1	182800437	182800466	34	29	24	25	0|0	0.906836911906837	NA
chr1	195822192	195822239	27	30	25	22	0|0	0.906836911906837	NA
chr1	205718078	205718111	23	23	20	31	0|0	0.906836911906837	NA
chr1	231099955	231101210	48	63	37	45	0|0	0.906836911906837	NA
chr1	236528376	236529607	23	24	22	26	0|0	0.906836911906837	NA
chr1	243963363	243964766	21	25	21	28	0|0	0.906836911906837	NA
chr10	12803799	12804974	32	27	25	30	0|0	0.906836911906837	NA
chr10	28923999	28924032	21	19	25	26	0|0	0.906836911906837	NA
chr10	30161461	30161484	33	27	20	32	0|0	0.906836911906837	NA
chr10	35303779	35303816	50	65	50	56	0|0	0.906836911906837	NA
chr10	41847767	41850439	33	39	46	36	0|0	0.906836911906837	NA
chr10	55002600	55013639	52	62	47	52	0|0	0.906836911906837	NA
chr10	68418473	68418500	26	24	23	25	0|0	0.906836911906837	NA
chr10	73843779	73845599	53	64	52	61	0|0	0.906836911906837	NA
chr10	93292127	93292151	29	21	32	24	0|0	0.906836911906837	NA
chr10	99773624	99773650	23	19	29	17	0|0	0.906836911906837	NA
chr10	103299634	103299658	19	22	22	20	0|0	0.906836911906837	NA
chr10	105708264	105708294	25	16	20	17	0|0	0.906836911906837	NA
chr10	114231949	114232326	40	48	41	36	0|0	0.906836911906837	NA
chr11	34297768	34297824	33	34	20	31	0|0	0.906836911906837	NA
chr11	67114874	67114904	42	40	23	34	0|0	0.906836911906837	NA
chr11	91944556	91945804	28	19	20	12	0|0	0.906836911906837	NA
chr11	110480237	110480847	23	23	20	14	0|0	0.906836911906837	NA
chr11	112690482	112690521	30	27	12	18	0|0	0.906836911906837	NA
chr11	124614168	124614196	31	25	26	20	0|0	0.906836911906837	NA
chr12	431068	431093	19	26	20	22	0|0	0.906836911906837	NA
chr12	3066101	3066428	27	26	22	14	0|0	0.906836911906837	NA
chr12	5854400	5854423	19	13	21	18	0|0	0.906836911906837	NA
chr12	22588028	22588058	32	29	33	38	0|0	0.906836911906837	NA
chr12	26985623	26985654	33	34	24	36	0|0	0.906836911906837	NA
chr12	31395087	31395968	41	45	47	50	0|0	0.906836911906837	NA
chr12	31395944	31395966	41	39	40	48	0|0	0.906836911906837	NA
chr12	31409312	31409447	18	22	21	23	0|0	0.906836911906837	NA
chr12	34772225	37185051	30	29	43	46	0|0	0.906836911906837	NA
chr12	34772225	37185051	30	29	43	46	0|0	0.906836911906837	NA
chr12	47003296	47003322	27	37	44	46	0|0	0.906836911906837	NA
chr12	50260924	50260951	18	16	24	19	0|0	0.906836911906837	NA
chr12	50922899	50923044	40	28	39	45	0|0	0.906836911906837	NA
chr12	50922899	50924544	43	41	44	49	0|0	0.906836911906837	NA
chr12	56068549	56068583	16	22	27	21	0|0	0.906836911906837	NA
chr12	56284320	56284347	36	33	38	45	0|0	0.906836911906837	NA
chr12	70283592	70284399	20	20	13	14	0|0	0.906836911906837	NA
chr12	89373687	89373709	27	41	43	36	0|0	0.906836911906837	NA
chr12	92124205	92124224	31	44	47	50	0|0	0.906836911906837	NA
chr12	94145247	94145276	21	22	23	27	0|0	0.906836911906837	NA
chr12	116976375	116976409	33	26	40	41	0|0	0.906836911906837	NA
chr14	20071654	20071688	26	16	16	23	0|0	0.906836911906837	NA
chr14	52490936	52491039	20	12	21	24	0|0	0.906836911906837	NA
chr14	53066960	53066977	17	18	19	27	0|0	0.906836911906837	NA
chr14	73307305	73307327	18	23	35	30	0|0	0.906836911906837	NA
chr14	74268851	74268876	27	28	25	40	0|0	0.906836911906837	NA
chr14	100365581	100365607	56	50	51	59	0|0	0.906836911906837	NA
chr15	30457034	30479991	22	15	29	30	0|0	0.906836911906837	NA
chr15	34716470	34716630	23	22	25	34	0|0	0.906836911906837	NA
chr15	41327930	41329101	28	31	49	34	0|0	0.906836911906837	NA
chr15	41329173	41330790	27	29	47	39	0|0	0.906836911906837	NA
chr15	62604522	62604554	40	44	62	75	0|0	0.906836911906837	NA
chr15	73645067	73645094	23	16	29	29	0|0	0.906836911906837	NA
chr15	75268579	75278892	65	51	70	71	0|0	0.906836911906837	NA
chr15	86632271	86632294	23	16	20	21	0|0	0.906836911906837	NA
chr15	93345852	93345880	20	34	47	48	0|0	0.906836911906837	NA
chr16	9175354	9175447	32	20	25	19	0|0	0.906836911906837	NA
chr16	16448468	16471522	27	29	42	33	0|0	0.906836911906837	NA
chr16	47042109	47042622	38	27	45	34	0|0	0.906836911906837	NA
chr16	69541188	69541207	25	20	28	42	0|0	0.906836911906837	NA
chr16	70459219	70459246	22	14	24	17	0|0	0.906836911906837	NA
chr16	77900692	77900723	34	40	38	51	0|0	0.906836911906837	NA
chr16	81263101	81264037	33	46	33	40	0|0	0.906836911906837	NA
chr16	81426469	81426497	20	15	27	20	0|0	0.906836911906837	NA
chr16	81805501	81805525	20	19	27	26	0|0	0.906836911906837	NA
chr17	7660819	7660840	19	19	54	41	0|0	0.906836911906837	NA
chr17	19027893	19235065	62	48	115	123	0|0	0.906836911906837	NA
chr17	19027893	19235481	63	49	116	123	0|0	0.906836911906837	NA
chr17	33033724	33037150	23	33	54	44	0|0	0.906836911906837	NA
chr17	37362975	37362999	11	11	23	21	0|0	0.906836911906837	NA
chr17	49231725	49232762	18	12	37	41	0|0	0.906836911906837	NA
chr17	59641605	59641629	19	17	40	31	0|0	0.906836911906837	NA
chr17	63662243	63662269	46	38	103	103	0|0	0.906836911906837	NA
chr17	64018451	64019410	16	18	37	38	0|0	0.906836911906837	NA
chr18	12135556	12150048	52	63	56	55	0|0	0.906836911906837	NA
chr18	12667762	12668637	43	42	27	37	0|0	0.906836911906837	NA
chr18	13531445	13531469	43	29	27	35	0|0	0.906836911906837	NA
chr18	32317395	32317417	25	25	27	30	0|0	0.906836911906837	NA
chr19	5608978	5609084	28	32	34	26	0|0	0.906836911906837	NA
chr19	9643045	9643072	39	29	49	42	0|0	0.906836911906837	NA
chr19	11292966	11292998	24	26	24	28	0|0	0.906836911906837	NA
chr19	32326335	32326432	26	22	18	29	0|0	0.906836911906837	NA
chr19	39965348	39966666	21	23	15	20	0|0	0.906836911906837	NA
chr19	42194765	42195035	19	27	22	16	0|0	0.906836911906837	NA
chr19	43518753	43518774	30	40	24	20	0|0	0.906836911906837	NA
chr19	43833029	43833054	26	21	14	16	0|0	0.906836911906837	NA
chr19	44607107	44608484	38	40	25	37	0|0	0.906836911906837	NA
chr2	32083818	32084918	17	21	39	43	0|0	0.906836911906837	NA
chr2	37120967	37121292	33	30	59	59	0|0	0.906836911906837	NA
chr2	47383305	47383330	26	30	49	58	0|0	0.906836911906837	NA
chr2	51239915	51239942	49	40	58	49	0|0	0.906836911906837	NA
chr2	68152685	68153376	20	15	35	28	0|0	0.906836911906837	NA
chr2	88021669	88021708	60	52	49	55	0|0	0.906836911906837	NA
chr2	89033667	89048881	55	49	83	79	0|0	0.906836911906837	NA
chr2	89033667	89048881	55	49	83	79	0|0	0.906836911906837	NA
chr2	90334885	90380596	29	28	48	44	0|0	0.906836911906837	NA
chr2	95610463	95651094	47	59	86	85	0|0	0.906836911906837	NA
chr2	97243060	97315595	66	55	90	103	0|0	0.906836911906837	NA
chr2	97243060	97347598	67	57	92	103	0|0	0.906836911906837	NA
chr2	151442376	151442414	41	30	52	52	0|0	0.906836911906837	NA
chr2	160389701	160389731	29	41	51	44	0|0	0.906836911906837	NA
chr2	171820729	171820756	35	34	40	34	0|0	0.906836911906837	NA
chr2	178472853	178472873	29	25	32	39	0|0	0.906836911906837	NA
chr2	179343104	179343129	39	25	45	41	0|0	0.906836911906837	NA
chr2	189707454	189708002	19	14	20	17	0|0	0.906836911906837	NA
chr2	202366784	202366813	28	30	35	27	0|0	0.906836911906837	NA
chr2	202366994	202368398	28	40	39	32	0|0	0.906836911906837	NA
chr2	205140456	205140508	39	52	41	47	0|0	0.906836911906837	NA
chr2	207610476	207612066	48	37	37	49	0|0	0.906836911906837	NA
chr2	211248875	211248904	21	14	12	16	0|0	0.906836911906837	NA
chr2	211914051	211914074	24	15	22	16	0|0	0.906836911906837	NA
chr2	214062420	214062446	25	29	24	31	0|0	0.906836911906837	NA
chr2	215943839	215943869	38	27	38	36	0|0	0.906836911906837	NA
chr2	231353499	231354291	27	32	33	31	0|0	0.906836911906837	NA
chr2	240692268	240699155	23	22	22	16	0|0	0.906836911906837	NA
chr2	241713002	241713021	22	18	20	25	0|0	0.906836911906837	NA
chr20	4237456	4237481	22	32	21	28	0|0	0.906836911906837	NA
chr20	32411033	32411058	19	21	14	17	0|0	0.906836911906837	NA
chr20	33513817	33513838	28	28	24	19	0|0	0.906836911906837	NA
chr20	36588066	36588091	24	28	22	30	0|0	0.906836911906837	NA
chr20	41504080	41504107	22	23	20	19	0|0	0.906836911906837	NA
chr20	45991608	45991638	29	34	31	29	0|0	0.906836911906837	NA
chr22	21230065	21335665	106	113	163	149	0|0	0.906836911906837	NA
chr22	21387074	21442940	74	71	83	84	0|0	0.906836911906837	NA
chr22	24899023	24899054	20	17	16	22	0|0	0.906836911906837	NA
chr22	39380160	39380185	28	25	47	45	0|0	0.906836911906837	NA
chr22	45751648	45751770	36	37	39	38	0|0	0.906836911906837	NA
chr3	6225945	6225970	20	21	18	17	0|0	0.906836911906837	NA
chr3	7359113	7359146	21	24	25	23	0|0	0.906836911906837	NA
chr3	13310585	13310607	20	34	28	22	0|0	0.906836911906837	NA
chr3	13486270	13486300	20	14	16	16	0|0	0.906836911906837	NA
chr3	32851991	32852782	21	25	30	24	0|0	0.906836911906837	NA
chr3	48168178	48168207	20	17	20	17	0|0	0.906836911906837	NA
chr3	49378168	49378199	30	29	27	16	0|0	0.906836911906837	NA
chr3	52612907	52614398	22	21	15	16	0|0	0.906836911906837	NA
chr3	57905300	57906255	37	26	34	25	0|0	0.906836911906837	NA
chr3	58069067	58069159	24	18	29	24	0|0	0.906836911906837	NA
chr3	78788416	78788463	23	17	22	22	0|0	0.906836911906837	NA
chr3	101918613	101918921	59	74	55	56	0|0	0.906836911906837	NA
chr3	125416205	125416238	32	23	20	21	0|0	0.906836911906837	NA
chr3	176419275	176419303	30	32	31	31	0|0	0.906836911906837	NA
chr3	187405596	187424610	49	61	52	52	0|0	0.906836911906837	NA
chr3	191717601	191717625	25	22	14	20	0|0	0.906836911906837	NA
chr4	28256548	28257934	18	14	14	12	0|0	0.906836911906837	NA
chr4	28842825	28844263	21	30	20	14	0|0	0.906836911906837	NA
chr4	40730115	40730377	19	20	13	15	0|0	0.906836911906837	NA
chr4	44316796	44317028	23	26	21	22	0|0	0.906836911906837	NA
chr4	71267795	71267944	27	25	15	15	0|0	0.906836911906837	NA
chr4	119347788	119348134	28	33	23	25	0|0	0.906836911906837	NA
chr4	151265349	151265376	32	30	24	26	0|0	0.906836911906837	NA
chr4	161948292	161948322	22	19	17	22	0|0	0.906836911906837	NA
chr4	162707649	162707677	32	23	28	29	0|0	0.906836911906837	NA
chr4	173732316	173732336	18	21	20	21	0|0	0.906836911906837	NA
chr4	177520573	177520596	22	27	12	20	0|0	0.906836911906837	NA
chr4	183947802	183948254	24	35	21	16	0|0	0.906836911906837	NA
chr4	186758025	186758048	19	20	20	13	0|0	0.906836911906837	NA
chr5	1	12107	49	37	39	35	0|0	0.906836911906837	NA
chr5	6650409	6650428	20	16	15	22	0|0	0.906836911906837	NA
chr5	9229724	9229750	19	18	25	24	0|0	0.906836911906837	NA
chr5	22116546	22116629	28	21	21	26	0|0	0.906836911906837	NA
chr5	22639054	22639090	28	23	24	20	0|0	0.906836911906837	NA
chr5	43252573	43252596	18	17	15	29	0|0	0.906836911906837	NA
chr5	64457702	64484670	144	152	118	127	0|0	0.906836911906837	NA
chr5	126763431	126763459	31	21	35	37	0|0	0.906836911906837	NA
chr5	136411009	136411508	20	23	36	28	0|0	0.906836911906837	NA
chr5	138197306	138197324	24	15	26	19	0|0	0.906836911906837	NA
chr5	172025931	172025973	36	36	20	34	0|0	0.906836911906837	NA
chr5	172808044	172808068	47	46	32	27	0|0	0.906836911906837	NA
chr5	176409290	176409314	23	21	14	28	0|0	0.906836911906837	NA
chr6	1669919	1669940	44	51	32	32	0|0	0.906836911906837	NA
chr6	3990200	3990225	77	90	41	48	0|0	0.906836911906837	NA
chr6	3990200	3990225	77	90	41	48	0|0	0.906836911906837	NA
chr6	6308457	6308482	26	28	10	10	0|0	0.906836911906837	NA
chr6	7450120	7450162	44	38	19	16	0|0	0.906836911906837	NA
chr6	25130125	25130150	54	58	30	18	0|0	0.906836911906837	NA
chr6	72613567	72613593	39	51	27	37	0|0	0.906836911906837	NA
chr6	79211013	79211035	28	26	22	18	0|0	0.906836911906837	NA
chr6	79704902	79707199	22	36	21	19	0|0	0.906836911906837	NA
chr6	99483846	99483865	27	24	19	23	0|0	0.906836911906837	NA
chr6	108190817	108190842	40	48	45	31	0|0	0.906836911906837	NA
chr6	119057969	119057991	40	39	20	33	0|0	0.906836911906837	NA
chr6	128692306	128692326	19	22	22	19	0|0	0.906836911906837	NA
chr6	130803301	130803340	24	17	15	21	0|0	0.906836911906837	NA
chr6	135750247	135750267	22	18	16	17	0|0	0.906836911906837	NA
chr6	154415099	154415136	28	23	34	33	0|0	0.906836911906837	NA
chr6	156092091	156092118	72	81	87	78	0|0	0.906836911906837	NA
chr6	166468857	166468884	64	51	61	64	0|0	0.906836911906837	NA
chr6	169586849	169586881	68	66	79	61	0|0	0.906836911906837	NA
chr7	22316973	22316997	78	75	50	44	0|0	0.906836911906837	NA
chr7	22316973	22316997	78	75	50	44	0|0	0.906836911906837	NA
chr7	24358792	24358814	19	20	16	11	0|0	0.906836911906837	NA
chr7	55764452	55765938	25	35	29	24	0|0	0.906836911906837	NA
chr7	56016405	56017448	54	53	42	37	0|0	0.906836911906837	NA
chr7	57612661	57637658	62	63	40	28	0|0	0.906836911906837	NA
chr7	70716641	70716669	60	54	35	33	0|0	0.906836911906837	NA
chr7	71488167	71488195	21	20	20	18	0|0	0.906836911906837	NA
chr7	71977928	71977957	30	18	18	21	0|0	0.906836911906837	NA
chr7	74132225	74132258	44	42	30	25	0|0	0.906836911906837	NA
chr7	74132225	74134251	47	61	40	32	0|0	0.906836911906837	NA
chr7	101965850	101965882	69	81	68	70	0|0	0.906836911906837	NA
chr7	101965850	101965882	69	81	68	70	0|0	0.906836911906837	NA
chr7	102344083	102355045	21	19	28	21	0|0	0.906836911906837	NA
chr7	107675285	107675311	30	25	27	16	0|0	0.906836911906837	NA
chr7	107934898	107934928	38	34	30	28	0|0	0.906836911906837	NA
chr7	120728134	120728153	28	38	20	28	0|0	0.906836911906837	NA
chr7	128973742	128973832	21	30	18	21	0|0	0.906836911906837	NA
chr7	129658593	129658621	29	32	16	26	0|0	0.906836911906837	NA
chr7	138740099	138740206	27	20	12	15	0|0	0.906836911906837	NA
chr7	148871396	148871437	23	29	22	12	0|0	0.906836911906837	NA
chr7	158660098	158660117	20	17	14	16	0|0	0.906836911906837	NA
chr8	4912043	4912144	30	30	17	13	0|0	0.906836911906837	NA
chr8	41419161	41419194	32	37	23	37	0|0	0.906836911906837	NA
chr8	67094119	67094147	39	30	27	22	0|0	0.906836911906837	NA
chr8	73902885	73902918	37	39	20	20	0|0	0.906836911906837	NA
chr8	89207054	89207078	19	21	14	15	0|0	0.906836911906837	NA
chr8	94425063	94425139	18	25	16	18	0|0	0.906836911906837	NA
chr8	94704765	94704792	20	20	11	14	0|0	0.906836911906837	NA
chr8	102458554	102458575	19	19	14	16	0|0	0.906836911906837	NA
chr8	113328438	113328463	34	45	24	29	0|0	0.906836911906837	NA
chr9	4673172	4673204	31	22	27	27	0|0	0.906836911906837	NA
chr9	19181634	19181666	23	24	11	17	0|0	0.906836911906837	NA
chr9	21946740	21946770	21	16	16	16	0|0	0.906836911906837	NA
chr9	33253762	33253788	38	36	46	35	0|0	0.906836911906837	NA
chr9	70803034	70803193	21	22	29	22	0|0	0.906836911906837	NA
chr9	71581562	71581598	31	39	31	20	0|0	0.906836911906837	NA
chr9	77504528	77504551	26	28	25	28	0|0	0.906836911906837	NA
chr9	80088072	80088090	23	23	29	24	0|0	0.906836911906837	NA
chr9	81747736	81748952	31	40	33	36	0|0	0.906836911906837	NA
chr9	111894654	111894681	21	17	26	18	0|0	0.906836911906837	NA
chr9	111984427	111984603	23	33	43	43	0|0	0.906836911906837	NA
chr9	125248624	125248647	31	34	35	47	0|0	0.906836911906837	NA
chr9	130686489	130686524	23	25	30	23	0|0	0.906836911906837	NA
chrX	71836617	71836642	22	19	19	19	0|0	0.906836911906837	NA
chrX	135718991	135730816	26	21	24	32	0|0	0.906836911906837	NA
chr1	21282585	21282607	0	0	0	0	0|0	0.906836911906837	NA
chr1	122503406	124741552	0	0	0	0	0|0	0.906836911906837	NA
chr1	122503406	124754805	0	0	0	0	0|0	0.906836911906837	NA
chr1	122528215	124219301	0	0	0	0	0|0	0.906836911906837	NA
chr1	123682016	123685628	0	0	0	0	0|0	0.906836911906837	NA
chr1	124239901	124397485	0	0	0	0	0|0	0.906836911906837	NA
chr1	124268169	124280216	0	0	0	0	0|0	0.906836911906837	NA
chr1	124398494	124401601	0	0	0	0	0|0	0.906836911906837	NA
chr1	124402397	124785124	0	0	0	0	0|0	0.906836911906837	NA
chr1	124761690	124785124	0	0	0	0	0|0	0.906836911906837	NA
chr1	124761690	124785124	0	0	0	0	0|0	0.906836911906837	NA
chr1	124786316	124932578	0	0	0	0	0|0	0.906836911906837	NA
chr1	124786316	124932578	0	0	0	0	0|0	0.906836911906837	NA
chr1	124786677	124932578	0	0	0	0	0|0	0.906836911906837	NA
chr1	124804029	124812642	0	0	0	0	0|0	0.906836911906837	NA
chr1	125167547	143202274	0	0	0	0	0|0	0.906836911906837	NA
chr1	125175344	143201933	0	0	0	0	0|0	0.906836911906837	NA
chr1	143208678	143232648	0	0	0	0	0|0	0.906836911906837	NA
chr1	143208678	143242005	0	0	0	0	0|0	0.906836911906837	NA
chr1	143238553	143242935	0	0	0	0	0|0	0.906836911906837	NA
chr1	143238553	143242935	0	0	0	0	0|0	0.906836911906837	NA
chr1	143242913	143248308	0	0	0	0	0|0	0.906836911906837	NA
chr1	143248316	143253903	0	0	0	0	0|0	0.906836911906837	NA
chr1	143253936	143259037	0	0	0	0	0|0	0.906836911906837	NA
chr1	169115163	169115207	0	0	0	0	0|0	0.906836911906837	NA
chr10	5535536	5535580	0	0	0	0	0|0	0.906836911906837	NA
chr10	39967486	39986555	0	0	0	0	0|0	0.906836911906837	NA
chr10	39967486	40025168	0	0	0	0	0|0	0.906836911906837	NA
chr10	39987543	40010023	0	0	0	0	0|0	0.906836911906837	NA
chr10	40066169	40101463	0	0	0	0	0|0	0.906836911906837	NA
chr10	40615417	40619948	0	0	0	0	0|0	0.906836911906837	NA
chr10	41135647	41175763	0	0	0	0	0|0	0.906836911906837	NA
chr10	41524776	41534522	0	0	0	0	0|0	0.906836911906837	NA
chr10	41587153	41591118	0	0	0	0	0|0	0.906836911906837	NA
chr10	114136794	114138084	0	0	0	0	0|0	0.906836911906837	NA
chr10	114138039	114138084	0	0	0	0	0|0	0.906836911906837	NA
chr10	114138039	114138084	0	0	0	0	0|0	0.906836911906837	NA
chr11	52311998	52337256	0	0	0	0	0|0	0.906836911906837	NA
chr11	53594348	53610187	0	0	0	0	0|0	0.906836911906837	NA
chr11	54021138	54031722	0	0	0	0	0|0	0.906836911906837	NA
chr11	54158244	54174781	0	0	0	0	0|0	0.906836911906837	NA
chr11	94234111	94239019	0	0	0	0	0|0	0.906836911906837	NA
chr12	34836144	37185051	0	0	0	0	0|0	0.906836911906837	NA
chr12	35041151	35053869	0	0	0	0	0|0	0.906836911906837	NA
chr13	1	17505486	0	0	0	0	0|0	0.906836911906837	NA
chr13	1	17514622	0	0	0	0	0|0	0.906836911906837	NA
chr13	1	17874840	0	0	0	0	0|0	0.906836911906837	NA
chr13	17505882	17540849	0	0	0	0	0|0	0.906836911906837	NA
chr13	17515120	17540849	0	0	0	0	0|0	0.906836911906837	NA
chr13	17541546	17628952	0	0	0	0	0|0	0.906836911906837	NA
chr13	17541546	17654830	0	0	0	0	0|0	0.906836911906837	NA
chr13	17629384	17743142	0	0	0	0	0|0	0.906836911906837	NA
chr13	17655869	17743834	0	0	0	0	0|0	0.906836911906837	NA
chr13	17743850	17824935	0	0	0	0	0|0	0.906836911906837	NA
chr13	17743850	17874840	0	0	0	0	0|0	0.906836911906837	NA
chr13	17825576	17843065	0	0	0	0	0|0	0.906836911906837	NA
chr13	17843265	17854332	0	0	0	0	0|0	0.906836911906837	NA
chr13	17854826	17881148	0	0	0	0	0|0	0.906836911906837	NA
chr13	17875133	17880643	0	0	0	0	0|0	0.906836911906837	NA
chr13	17875133	17953084	0	0	0	0	0|0	0.906836911906837	NA
chr13	17882020	17984064	0	0	0	0	0|0	0.906836911906837	NA
chr13	17882020	18027841	0	0	0	0	0|0	0.906836911906837	NA
chr13	17953125	17993405	0	0	0	0	0|0	0.906836911906837	NA
chr13	17984109	18027841	0	0	0	0	0|0	0.906836911906837	NA
chr13	17995566	18036237	0	0	0	0	0|0	0.906836911906837	NA
chr13	51745731	51745762	0	0	0	0	0|0	0.906836911906837	NA
chr13	51745961	51746339	0	0	0	0	0|0	0.906836911906837	NA
chr15	17504558	19722900	0	0	0	0	0|0	0.906836911906837	NA
chr15	17504558	19722900	0	0	0	0	0|0	0.906836911906837	NA
chr15	17506355	19722900	0	0	0	0	0|0	0.906836911906837	NA
chr15	83152684	83152914	0	0	0	0	0|0	0.906836911906837	NA
chr16	34062104	34067519	0	0	0	0	0|0	0.906836911906837	NA
chr16	34571512	34589387	0	0	0	0	0|0	0.906836911906837	NA
chr16	34571512	34589387	0	0	0	0	0|0	0.906836911906837	NA
chr16	34571512	34589387	0	0	0	0	0|0	0.906836911906837	NA
chr16	34589261	34592376	0	0	0	0	0|0	0.906836911906837	NA
chr16	46382687	46401629	0	0	0	0	0|0	0.906836911906837	NA
chr16	46382687	46401629	0	0	0	0	0|0	0.906836911906837	NA
chr16	85132463	85132494	0	0	0	0	0|0	0.906836911906837	NA
chr17	22841816	22846667	0	0	0	0	0|0	0.906836911906837	NA
chr17	22853690	22859672	0	0	0	0	0|0	0.906836911906837	NA
chr17	22940814	22944214	0	0	0	0	0|0	0.906836911906837	NA
chr17	22964060	22976278	0	0	0	0	0|0	0.906836911906837	NA
chr17	22992720	23005925	0	0	0	0	0|0	0.906836911906837	NA
chr17	24611422	24759694	0	0	0	0	0|0	0.906836911906837	NA
chr17	24616406	24759694	0	0	0	0	0|0	0.906836911906837	NA
chr17	24740066	24759694	0	0	0	0	0|0	0.906836911906837	NA
chr17	24770770	24891600	0	0	0	0	0|0	0.906836911906837	NA
chr17	24770770	24891600	0	0	0	0	0|0	0.906836911906837	NA
chr17	24770770	25093319	0	0	0	0	0|0	0.906836911906837	NA
chr17	25044967	25093319	0	0	0	0	0|0	0.906836911906837	NA
chr17	25101195	25115581	0	0	0	0	0|0	0.906836911906837	NA
chr17	25101195	25125499	0	0	0	0	0|0	0.906836911906837	NA
chr17	26274341	26341896	0	0	0	0	0|0	0.906836911906837	NA
chr17	26296561	26311260	0	0	0	0	0|0	0.906836911906837	NA
chr17	26880975	26885958	0	0	0	0	0|0	0.906836911906837	NA
chr17	26880975	26885958	0	0	0	0	0|0	0.906836911906837	NA
chr17	66797144	66799642	0	0	0	1	0|0	0.906836911906837	NA
chr17	82754111	82758413	0	0	0	0	0|0	0.906836911906837	NA
chr18	106018	112320	0	0	0	0	0|0	0.906836911906837	NA
chr18	107757	112320	0	0	0	0	0|0	0.906836911906837	NA
chr19	38739450	38739482	0	0	0	0	0|0	0.906836911906837	NA
chr19	38739450	38739482	0	0	0	0	0|0	0.906836911906837	NA
chr2	92689787	92706649	0	0	0	0	0|0	0.906836911906837	NA
chr2	92706809	92720536	0	0	0	0	0|0	0.906836911906837	NA
chr2	202162930	202162952	0	0	0	0	0|0	0.906836911906837	NA
chr20	1	67144	0	0	0	0	0|0	0.906836911906837	NA
chr20	26436387	26475578	0	0	0	0	0|0	0.906836911906837	NA
chr20	26436387	26513722	0	0	0	0	0|0	0.906836911906837	NA
chr20	26436387	26542271	0	0	0	0	0|0	0.906836911906837	NA
chr20	26476746	26584159	0	0	0	0	0|0	0.906836911906837	NA
chr20	26514110	26584159	0	0	0	0	0|0	0.906836911906837	NA
chr20	26542718	26584159	0	0	0	0	0|0	0.906836911906837	NA
chr20	26671491	28097268	0	0	0	0	0|0	0.906836911906837	NA
chr20	28532354	28538698	0	0	0	0	0|0	0.906836911906837	NA
chr20	29126127	29203988	0	0	0	0	0|0	0.906836911906837	NA
chr3	47814135	47815758	0	0	0	0	0|0	0.906836911906837	NA
chr3	90772459	90790448	0	0	0	0	0|0	0.906836911906837	NA
chr3	90772459	90790724	0	0	0	0	0|0	0.906836911906837	NA
chr3	90772459	91247446	0	0	0	0	0|0	0.906836911906837	NA
chr3	90791190	90798897	0	0	0	0	0|0	0.906836911906837	NA
chr3	90791190	90875163	0	0	0	0	0|0	0.906836911906837	NA
chr3	90800191	90855041	0	0	0	0	0|0	0.906836911906837	NA
chr3	90856977	90875163	0	0	0	0	0|0	0.906836911906837	NA
chr3	90875857	90945038	0	0	0	0	0|0	0.906836911906837	NA
chr3	90882900	90986543	0	0	0	0	0|0	0.906836911906837	NA
chr3	90945174	90986543	0	0	0	0	0|0	0.906836911906837	NA
chr3	90986709	91233133	0	0	0	0	0|0	0.906836911906837	NA
chr3	90991157	91020522	0	0	0	0	0|0	0.906836911906837	NA
chr3	91022253	91044485	0	0	0	0	0|0	0.906836911906837	NA
chr3	91056989	91113756	0	0	0	0	0|0	0.906836911906837	NA
chr3	91113938	91144694	0	0	0	0	0|0	0.906836911906837	NA
chr3	91144790	91152632	0	0	0	0	0|0	0.906836911906837	NA
chr3	91155033	91161659	0	0	0	0	0|0	0.906836911906837	NA
chr3	91170167	91215455	0	0	0	0	0|0	0.906836911906837	NA
chr3	91217409	91233133	0	0	0	0	0|0	0.906836911906837	NA
chr3	91553522	93470787	0	0	0	0	0|0	0.906836911906837	NA
chr3	91553522	93470787	0	0	0	0	0|0	0.906836911906837	NA
chr3	91553522	93655268	0	0	0	0	0|0	0.906836911906837	NA
chr3	93479647	93655268	0	0	0	0	0|0	0.906836911906837	NA
chr3	93479647	93655268	0	0	0	0	0|0	0.906836911906837	NA
chr4	49708887	49711942	0	0	0	0	0|0	0.906836911906837	NA
chr4	49708887	49711942	0	0	0	0	0|0	0.906836911906837	NA
chr4	49708887	49711942	0	0	0	0	0|0	0.906836911906837	NA
chr4	50182709	50200483	0	0	0	0	0|0	0.906836911906837	NA
chr4	93178005	93178091	0	0	0	0	0|0	0.906836911906837	NA
chr4	128073420	128073452	0	0	0	0	0|0	0.906836911906837	NA
chr5	46486753	46565242	0	0	0	0	0|0	0.906836911906837	NA
chr5	46741318	46741560	0	0	0	0	0|0	0.906836911906837	NA
chr5	46796984	47040397	0	0	0	0	0|0	0.906836911906837	NA
chr5	47041941	47048044	0	0	0	0	0|0	0.906836911906837	NA
chr5	47107326	47150279	0	0	0	0	0|0	0.906836911906837	NA
chr5	47107326	47152785	0	0	0	0	0|0	0.906836911906837	NA
chr5	47107326	47152785	0	0	0	0	0|0	0.906836911906837	NA
chr5	138591575	138593320	0	0	0	0	0|0	0.906836911906837	NA
chr5	138592987	138593243	0	0	0	0	0|0	0.906836911906837	NA
chr5	156483196	156487913	0	0	0	0	0|0	0.906836911906837	NA
chr6	138039187	138039343	0	0	0	0	0|0	0.906836911906837	NA
chr6	138039187	138039343	0	0	0	0	0|0	0.906836911906837	NA
chr6	161185139	161185168	0	0	0	0	0|0	0.906836911906837	NA
chr6	161185139	161185168	0	0	0	0	0|0	0.906836911906837	NA
chr7	56370888	56374640	0	0	0	0	0|0	0.906836911906837	NA
chr7	56371675	56373905	0	0	0	0	0|0	0.906836911906837	NA
chr8	20503672	20503713	0	0	0	0	0|0	0.906836911906837	NA
chr8	45208579	45873530	0	0	0	0	0|0	0.906836911906837	NA
chr8	134653263	134653297	0	0	0	0	0|0	0.906836911906837	NA
chr8	134653263	134653297	0	0	0	0	0|0	0.906836911906837	NA
chr8	134653263	134656261	0	0	0	0	0|0	0.906836911906837	NA
chrX	1301333	1301367	0	0	0	0	0|0	0.906836911906837	NA
chrX	1301333	1301367	0	0	0	0	0|0	0.906836911906837	NA
chrX	75115272	75115307	0	0	0	0	0|0	0.906836911906837	NA
chr1	1	532783	670	618	560	432	0|0	0.906836911906836	NA
chr1	1	588463	672	627	568	435	0|0	0.906836911906836	NA
chr1	9829475	9829508	42	59	56	25	0|0	0.906836911906836	NA
chr1	12136649	12136793	25	12	14	20	0|0	0.906836911906836	NA
chr1	13105429	13289477	239	216	130	237	0|0	0.906836911906836	NA
chr1	16555538	16949261	2397	2536	1595	2199	0|0	0.906836911906836	NA
chr1	16555538	16949261	2397	2536	1595	2199	0|0	0.906836911906836	NA
chr1	16674820	17016666	1939	3323	1719	2288	0|0	0.906836911906836	NA
chr1	17017008	17017378	47	39	21	44	0|0	0.906836911906836	NA
chr1	24733667	24733812	104	80	64	82	0|0	0.906836911906836	NA
chr1	31185813	31186080	47	62	46	35	0|0	0.906836911906836	NA
chr1	36510993	36511025	60	48	32	55	0|0	0.906836911906836	NA
chr1	36510993	36511025	60	48	32	55	0|0	0.906836911906836	NA
chr1	37701669	37701689	65	66	43	77	0|0	0.906836911906836	NA
chr1	37701669	37701689	65	66	43	77	0|0	0.906836911906836	NA
chr1	77784843	77791277	45	121	60	47	0|0	0.906836911906836	NA
chr1	93542443	93542473	69	47	43	51	0|0	0.906836911906836	NA
chr1	93542443	93542473	69	47	43	51	0|0	0.906836911906836	NA
chr1	108302126	108614182	912	1879	1001	1000	0|0	0.906836911906836	NA
chr1	113076188	113079377	32	75	55	30	0|0	0.906836911906836	NA
chr1	113079178	113079476	30	47	44	23	0|0	0.906836911906836	NA
chr1	120581741	120674065	86	71	47	61	0|0	0.906836911906836	NA
chr1	125079546	125168226	263	1203	527	504	0|0	0.906836911906836	NA
chr1	143260157	143304350	45	223	131	120	0|0	0.906836911906836	NA
chr1	143292505	143513005	413	137	174	253	0|0	0.906836911906836	NA
chr1	143298297	143513005	407	132	172	247	0|0	0.906836911906836	NA
chr1	146200596	146267642	51	54	36	53	0|0	0.906836911906836	NA
chr1	148649686	148917363	176	202	139	124	0|0	0.906836911906836	NA
chr1	148649686	148917363	176	202	139	124	0|0	0.906836911906836	NA
chr1	148649686	149320838	2041	478	973	1012	0|0	0.906836911906836	NA
chr1	177691262	177693057	16	38	15	39	0|0	0.906836911906836	NA
chr1	204114278	204115513	63	86	93	89	0|0	0.906836911906836	NA
chr1	231099266	231103612	50	103	49	65	0|0	0.906836911906836	NA
chr1	241772323	241772358	53	30	39	61	0|0	0.906836911906836	NA
chr1	241772323	241777009	54	66	51	79	0|0	0.906836911906836	NA
chr1	241772449	241773982	53	49	40	72	0|0	0.906836911906836	NA
chr1	248431774	248550136	132	326	235	274	0|0	0.906836911906836	NA
chr1	248936563	248956422	40	65	58	56	0|0	0.906836911906836	NA
chr10	3745239	3748410	52	81	68	73	0|0	0.906836911906836	NA
chr10	11058015	11058089	47	24	30	38	0|0	0.906836911906836	NA
chr10	28353268	28353293	79	33	56	58	0|0	0.906836911906836	NA
chr10	28353268	28353293	79	33	56	58	0|0	0.906836911906836	NA
chr10	29762614	29762642	71	120	86	94	0|0	0.906836911906836	NA
chr10	29762614	29762642	71	120	86	94	0|0	0.906836911906836	NA
chr10	32224868	32224915	35	70	62	47	0|0	0.906836911906836	NA
chr10	34914102	34914160	50	25	41	38	0|0	0.906836911906836	NA
chr10	38864160	38920491	87	153	113	105	0|0	0.906836911906836	NA
chr10	41843665	41886715	81	140	129	104	0|0	0.906836911906836	NA
chr10	46426449	46568952	465	650	599	654	0|0	0.906836911906836	NA
chr10	46472969	46561599	322	299	345	331	0|0	0.906836911906836	NA
chr10	46656513	46740336	46	61	52	69	0|0	0.906836911906836	NA
chr10	47599643	47683042	275	284	263	310	0|0	0.906836911906836	NA
chr10	47599643	47684934	277	291	264	317	0|0	0.906836911906836	NA
chr10	47599643	47724649	282	481	365	410	0|0	0.906836911906836	NA
chr10	47777387	47916769	51	67	76	54	0|0	0.906836911906836	NA
chr10	48060497	48091543	45	88	46	53	0|0	0.906836911906836	NA
chr10	58400371	58400400	60	117	94	82	0|0	0.906836911906836	NA
chr10	58400371	58400400	60	117	94	82	0|0	0.906836911906836	NA
chr10	68418571	68422137	27	55	30	37	0|0	0.906836911906836	NA
chr10	69060628	69064224	37	57	50	46	0|0	0.906836911906836	NA
chr10	72439679	72441577	55	107	81	72	0|0	0.906836911906836	NA
chr10	87438063	87468863	67	51	90	61	0|0	0.906836911906836	NA
chr10	87438063	87468863	67	51	90	61	0|0	0.906836911906836	NA
chr10	87438063	87487751	70	132	114	116	0|0	0.906836911906836	NA
chr10	92280343	92280680	63	31	54	63	0|0	0.906836911906836	NA
chr10	101522349	101522381	89	56	81	93	0|0	0.906836911906836	NA
chr10	102079077	102079109	73	35	49	60	0|0	0.906836911906836	NA
chr10	106725934	106725961	48	28	36	44	0|0	0.906836911906836	NA
chr10	109974556	109974897	39	67	119	92	0|0	0.906836911906836	NA
chr10	109974788	109977025	39	86	128	104	0|0	0.906836911906836	NA
chr10	114231949	114233998	41	66	61	44	0|0	0.906836911906836	NA
chr10	125086607	125086641	25	44	49	27	0|0	0.906836911906836	NA
chr10	125086890	125087788	25	57	56	33	0|0	0.906836911906836	NA
chr10	133664281	133797422	66	98	97	111	0|0	0.906836911906836	NA
chr10	133664281	133797422	66	98	97	111	0|0	0.906836911906836	NA
chr10	133689236	133797422	65	98	96	110	0|0	0.906836911906836	NA
chr11	309058	319253	95	30	49	62	0|0	0.906836911906836	NA
chr11	1893038	1917380	261	65	154	139	0|0	0.906836911906836	NA
chr11	4267148	4296702	73	34	38	47	0|0	0.906836911906836	NA
chr11	83720447	83725521	52	130	57	94	0|0	0.906836911906836	NA
chr11	89837156	90022798	257	306	208	183	0|0	0.906836911906836	NA
chr11	107570776	107570801	57	48	32	61	0|0	0.906836911906836	NA
chr11	112249956	112249996	30	28	31	14	0|0	0.906836911906836	NA
chr11	125414745	125414763	54	28	28	51	0|0	0.906836911906836	NA
chr12	1	67921	119	181	190	173	0|0	0.906836911906836	NA
chr12	1	67921	119	181	190	173	0|0	0.906836911906836	NA
chr12	49493095	49493117	40	22	37	42	0|0	0.906836911906836	NA
chr12	104256777	104256817	74	35	88	78	0|0	0.906836911906836	NA
chr12	104256777	104256817	74	35	88	78	0|0	0.906836911906836	NA
chr12	120208355	120208384	24	16	13	25	0|0	0.906836911906836	NA
chr12	131653277	131663681	56	75	90	91	0|0	0.906836911906836	NA
chr12	133139129	133140234	31	67	62	82	0|0	0.906836911906836	NA
chr13	18036269	18532130	1000	1527	2371	874	0|0	0.906836911906836	NA
chr13	52538010	52558490	57	71	94	59	0|0	0.906836911906836	NA
chr13	106976239	106976263	25	38	35	47	0|0	0.906836911906836	NA
chr13	113301021	113301645	85	67	92	77	0|0	0.906836911906836	NA
chr14	1	18664218	705	3191	2520	2301	0|0	0.906836911906836	NA
chr14	1	18665189	708	3197	2531	2305	0|0	0.906836911906836	NA
chr14	16096630	18664218	680	3070	2437	2226	0|0	0.906836911906836	NA
chr14	18712414	18984653	240	56	199	190	0|0	0.906836911906836	NA
chr14	18712414	18985509	241	59	200	191	0|0	0.906836911906836	NA
chr14	18985512	19107302	310	261	257	461	0|0	0.906836911906836	NA
chr14	21143656	21144207	19	34	31	19	0|0	0.906836911906836	NA
chr14	22942809	22944980	20	31	28	17	0|0	0.906836911906836	NA
chr14	39146544	39146576	25	35	55	30	0|0	0.906836911906836	NA
chr14	54923742	54923774	36	28	23	58	0|0	0.906836911906836	NA
chr14	62796818	62801395	48	62	43	75	0|0	0.906836911906836	NA
chr14	66042083	66042594	23	32	40	16	0|0	0.906836911906836	NA
chr14	73527164	73564630	75	231	272	135	0|0	0.906836911906836	NA
chr14	73534377	73564314	75	182	224	122	0|0	0.906836911906836	NA
chr14	73534800	73564630	75	184	225	122	0|0	0.906836911906836	NA
chr14	73534976	73564315	49	160	208	86	0|0	0.906836911906836	NA
chr14	74310399	74310427	32	28	32	50	0|0	0.906836911906836	NA
chr14	75433198	75433225	31	44	64	33	0|0	0.906836911906836	NA
chr14	76792700	76799256	67	113	102	104	0|0	0.906836911906836	NA
chr14	76798948	76798972	66	54	62	85	0|0	0.906836911906836	NA
chr14	77805203	77805231	55	81	102	60	0|0	0.906836911906836	NA
chr14	77805203	77805231	55	81	102	60	0|0	0.906836911906836	NA
chr14	77805203	77814732	69	198	176	109	0|0	0.906836911906836	NA
chr14	91135650	91135682	26	35	46	31	0|0	0.906836911906836	NA
chr15	1	17083575	345	956	602	926	0|0	0.906836911906836	NA
chr15	1	17090762	345	956	602	926	0|0	0.906836911906836	NA
chr15	1	17504167	345	956	602	926	0|0	0.906836911906836	NA
chr15	19780268	21112930	2924	4398	3900	4835	0|0	0.906836911906836	NA
chr15	19780268	21355192	3169	4487	4070	5089	0|0	0.906836911906836	NA
chr15	20010871	20958620	2332	2292	2394	3202	0|0	0.906836911906836	NA
chr15	21065135	21417911	352	141	264	365	0|0	0.906836911906836	NA
chr15	21244512	21362418	78	76	82	105	0|0	0.906836911906836	NA
chr15	21835382	21992397	61	62	81	105	0|0	0.906836911906836	NA
chr15	23163828	23357414	129	169	209	82	0|0	0.906836911906836	NA
chr15	23163828	23357414	129	169	209	82	0|0	0.906836911906836	NA
chr15	28300423	28463951	155	170	214	216	0|0	0.906836911906836	NA
chr15	28300423	28463951	155	170	214	216	0|0	0.906836911906836	NA
chr15	45436064	45437139	25	59	36	58	0|0	0.906836911906836	NA
chr15	45436938	45437138	25	58	33	57	0|0	0.906836911906836	NA
chr15	56451629	56461689	46	108	135	101	0|0	0.906836911906836	NA
chr15	56461662	56461689	45	35	75	51	0|0	0.906836911906836	NA
chr15	61776173	61776202	21	35	33	42	0|0	0.906836911906836	NA
chr15	65239109	65239472	18	32	27	38	0|0	0.906836911906836	NA
chr15	72639020	72670215	69	66	49	76	0|0	0.906836911906836	NA
chr15	79357464	79357490	68	44	62	48	0|0	0.906836911906836	NA
chr15	84165530	84512516	318	302	176	548	0|0	0.906836911906836	NA
chr15	84167647	84505749	315	294	169	542	0|0	0.906836911906836	NA
chr15	84167647	84512516	317	300	176	548	0|0	0.906836911906836	NA
chr15	84754702	84754728	41	25	40	28	0|0	0.906836911906836	NA
chr16	1222287	1258275	174	208	198	194	0|0	0.906836911906836	NA
chr16	21398660	21583092	746	759	849	927	0|0	0.906836911906836	NA
chr16	21408710	21583092	739	741	841	911	0|0	0.906836911906836	NA
chr16	22462686	22699360	1270	1142	1448	1306	0|0	0.906836911906836	NA
chr16	24432827	24434472	43	65	43	46	0|0	0.906836911906836	NA
chr16	28342685	28464584	94	73	97	117	0|0	0.906836911906836	NA
chr16	35630803	35631964	40	24	28	32	0|0	0.906836911906836	NA
chr16	36321500	36335457	33	22	17	36	0|0	0.906836911906836	NA
chr16	70118155	70167668	385	431	508	548	0|0	0.906836911906836	NA
chr16	75200240	75230227	173	148	207	198	0|0	0.906836911906836	NA
chr16	78033415	78033435	26	29	22	42	0|0	0.906836911906836	NA
chr16	81262134	81262866	34	46	34	48	0|0	0.906836911906836	NA
chr16	84507077	84509163	69	46	87	62	0|0	0.906836911906836	NA
chr16	84508669	84508689	67	31	73	51	0|0	0.906836911906836	NA
chr17	9418517	9418863	24	27	67	94	0|0	0.906836911906836	NA
chr17	9589729	9589762	64	88	150	135	0|0	0.906836911906836	NA
chr17	9589729	9589762	64	88	150	135	0|0	0.906836911906836	NA
chr17	21650693	22042878	610	1641	2413	2477	0|0	0.906836911906836	NA
chr17	21676083	21824066	381	922	1346	1423	0|0	0.906836911906836	NA
chr17	21778908	21973162	271	720	1041	1051	0|0	0.906836911906836	NA
chr17	21894436	22158772	290	815	1195	1184	0|0	0.906836911906836	NA
chr17	22123715	22158772	147	251	364	379	0|0	0.906836911906836	NA
chr17	28455121	28455150	31	15	42	45	0|0	0.906836911906836	NA
chr17	37895878	38232268	45	20	101	70	0|0	0.906836911906836	NA
chr17	37902350	38232268	42	16	92	63	0|0	0.906836911906836	NA
chr17	43227829	43336842	166	134	348	324	0|0	0.906836911906836	NA
chr17	44566798	44566825	25	19	59	38	0|0	0.906836911906836	NA
chr17	63662243	63666177	47	62	134	133	0|0	0.906836911906836	NA
chr17	71249769	71254563	47	74	41	44	0|0	0.906836911906836	NA
chr17	78926713	78926733	34	34	58	82	0|0	0.906836911906836	NA
chr18	13528399	13531469	44	81	44	60	0|0	0.906836911906836	NA
chr18	21428196	21428235	29	13	24	19	0|0	0.906836911906836	NA
chr18	31820828	31820846	141	87	65	123	0|0	0.906836911906836	NA
chr18	31820828	31820846	141	87	65	123	0|0	0.906836911906836	NA
chr19	1	218346	60	119	61	74	0|0	0.906836911906836	NA
chr19	2017309	2017335	33	15	21	23	0|0	0.906836911906836	NA
chr19	2926815	2928724	51	58	52	33	0|0	0.906836911906836	NA
chr19	5796058	5799914	47	72	70	59	0|0	0.906836911906836	NA
chr19	38084541	38084579	27	38	19	35	0|0	0.906836911906836	NA
chr19	38759626	38791431	214	117	147	140	0|0	0.906836911906836	NA
chr19	50079636	50080861	38	75	34	39	0|0	0.906836911906836	NA
chr19	50080669	50080929	38	69	32	35	0|0	0.906836911906836	NA
chr19	51050259	51051327	30	50	31	24	0|0	0.906836911906836	NA
chr19	56054566	56054588	106	52	50	74	0|0	0.906836911906836	NA
chr19	56054566	56054588	106	52	50	74	0|0	0.906836911906836	NA
chr2	32073638	32084919	34	77	101	107	0|0	0.906836911906836	NA
chr2	70206046	70208933	23	42	47	53	0|0	0.906836911906836	NA
chr2	89532854	89853021	1291	713	1827	1024	0|0	0.906836911906836	NA
chr2	89532854	89853021	1291	713	1827	1024	0|0	0.906836911906836	NA
chr2	89537905	89853021	1287	709	1824	1022	0|0	0.906836911906836	NA
chr2	90279562	90371304	87	27	112	87	0|0	0.906836911906836	NA
chr2	90279562	90380596	90	39	124	103	0|0	0.906836911906836	NA
chr2	91429722	91642938	982	906	1505	1042	0|0	0.906836911906836	NA
chr2	94189418	94291839	771	768	1119	1069	0|0	0.906836911906836	NA
chr2	94190552	94291839	767	758	1103	1055	0|0	0.906836911906836	NA
chr2	95425864	95460132	23	18	54	23	0|0	0.906836911906836	NA
chr2	97394030	97521696	49	67	104	61	0|0	0.906836911906836	NA
chr2	110011755	110091872	109	115	115	160	0|0	0.906836911906836	NA
chr2	110046619	110091872	84	65	79	102	0|0	0.906836911906836	NA
chr2	110278269	110345059	120	131	168	188	0|0	0.906836911906836	NA
chr2	110292217	110373716	143	184	237	244	0|0	0.906836911906836	NA
chr2	130533771	130650256	213	255	393	375	0|0	0.906836911906836	NA
chr2	130533771	130650256	213	255	393	375	0|0	0.906836911906836	NA
chr2	151436542	151442414	42	70	76	68	0|0	0.906836911906836	NA
chr2	171812082	171820756	36	94	75	67	0|0	0.906836911906836	NA
chr2	200882897	200888075	39	46	64	45	0|0	0.906836911906836	NA
chr2	240676146	240685568	46	41	71	48	0|0	0.906836911906836	NA
chr20	448686	448715	38	46	32	56	0|0	0.906836911906836	NA
chr20	25761711	25845961	117	248	117	146	0|0	0.906836911906836	NA
chr20	26032033	26082740	55	72	40	84	0|0	0.906836911906836	NA
chr20	28557239	29517105	6560	5687	6018	5677	0|0	0.906836911906836	NA
chr20	29261765	30424756	4628	8294	5940	6124	0|0	0.906836911906836	NA
chr20	30811930	30923125	359	1596	850	941	0|0	0.906836911906836	NA
chr20	30811930	30923888	360	1604	854	945	0|0	0.906836911906836	NA
chr20	34023376	34025702	40	83	70	39	0|0	0.906836911906836	NA
chr20	34407479	34414162	49	95	87	79	0|0	0.906836911906836	NA
chr20	36994325	37002222	34	115	89	60	0|0	0.906836911906836	NA
chr20	47890407	47902844	61	122	77	66	0|0	0.906836911906836	NA
chr20	50718918	50720594	21	31	40	54	0|0	0.906836911906836	NA
chr21	1	5219885	291	72	164	237	0|0	0.906836911906836	NA
chr21	5216301	5392537	620	1758	1297	1472	0|0	0.906836911906836	NA
chr21	5216301	5392537	620	1758	1297	1472	0|0	0.906836911906836	NA
chr21	5219956	5331095	493	1131	934	924	0|0	0.906836911906836	NA
chr21	5392710	6376849	299	67	182	220	0|0	0.906836911906836	NA
chr21	6365845	6377082	101	65	89	104	0|0	0.906836911906836	NA
chr21	7202639	13132042	8167	10140	10326	10479	0|0	0.906836911906836	NA
chr21	7241042	13132042	8081	10049	10246	10375	0|0	0.906836911906836	NA
chr21	26193418	26193569	54	57	64	40	0|0	0.906836911906836	NA
chr21	26193529	26193750	54	57	64	39	0|0	0.906836911906836	NA
chr21	31783995	31787667	39	96	49	87	0|0	0.906836911906836	NA
chr21	40024024	40047507	141	109	139	149	0|0	0.906836911906836	NA
chr22	1	11373858	2215	2128	2759	3094	0|0	0.906836911906836	NA
chr22	1	11378018	2276	2161	2815	3150	0|0	0.906836911906836	NA
chr22	1	11378018	2276	2161	2815	3150	0|0	0.906836911906836	NA
chr22	11547407	12903297	5276	3585	5919	6106	0|0	0.906836911906836	NA
chr22	11547407	12903503	5277	3586	5919	6108	0|0	0.906836911906836	NA
chr22	11547407	12903503	5277	3586	5919	6108	0|0	0.906836911906836	NA
chr22	18235215	18884820	556	513	639	852	0|0	0.906836911906836	NA
chr22	18340536	18370248	88	96	91	174	0|0	0.906836911906836	NA
chr22	18340536	18884820	552	504	631	839	0|0	0.906836911906836	NA
chr22	18387139	18884820	447	359	492	603	0|0	0.906836911906836	NA
chr22	21381298	21496021	413	89	286	338	0|0	0.906836911906836	NA
chr22	21496358	21565793	66	138	139	155	0|0	0.906836911906836	NA
chr22	21737000	21737046	49	64	81	68	0|0	0.906836911906836	NA
chr22	23928679	23971182	29	72	86	46	0|0	0.906836911906836	NA
chr22	50801203	50818468	91	113	177	148	0|0	0.906836911906836	NA
chr3	13309100	13310985	20	50	41	25	0|0	0.906836911906836	NA
chr3	13431215	13431245	50	36	51	35	0|0	0.906836911906836	NA
chr3	13431215	13431245	50	36	51	35	0|0	0.906836911906836	NA
chr3	14994976	14996216	14	27	25	38	0|0	0.906836911906836	NA
chr3	57906047	57906078	37	22	30	23	0|0	0.906836911906836	NA
chr3	73689914	73689938	42	22	28	36	0|0	0.906836911906836	NA
chr3	142314904	142314934	21	16	11	19	0|0	0.906836911906836	NA
chr3	157210716	157214811	42	84	55	36	0|0	0.906836911906836	NA
chr3	168941564	168941589	54	20	35	30	0|0	0.906836911906836	NA
chr3	168941564	168941589	54	20	35	30	0|0	0.906836911906836	NA
chr4	1	68278	254	525	317	348	0|0	0.906836911906836	NA
chr4	3537724	3537747	60	55	60	24	0|0	0.906836911906836	NA
chr4	4007831	4019468	123	169	128	94	0|0	0.906836911906836	NA
chr4	4013050	4019468	121	83	88	62	0|0	0.906836911906836	NA
chr4	4013050	4019468	121	83	88	62	0|0	0.906836911906836	NA
chr4	4323239	4323262	38	54	35	50	0|0	0.906836911906836	NA
chr4	23699834	23699863	41	35	43	15	0|0	0.906836911906836	NA
chr4	39948212	39948247	35	36	22	39	0|0	0.906836911906836	NA
chr4	49091266	49658092	1462	1972	1607	1421	0|0	0.906836911906836	NA
chr4	49091266	49658092	1462	1972	1607	1421	0|0	0.906836911906836	NA
chr4	49091266	49658092	1462	1972	1607	1421	0|0	0.906836911906836	NA
chr4	49308037	49324098	203	195	266	79	0|0	0.906836911906836	NA
chr4	57199138	57199161	44	22	38	21	0|0	0.906836911906836	NA
chr4	190096606	190214555	435	382	392	334	0|0	0.906836911906836	NA
chr4	190096606	190214555	435	382	392	334	0|0	0.906836911906836	NA
chr4	190100377	190214555	426	370	387	329	0|0	0.906836911906836	NA
chr5	7724181	7727102	38	74	41	65	0|0	0.906836911906836	NA
chr5	7724403	7724975	37	43	28	49	0|0	0.906836911906836	NA
chr5	17517567	17597090	177	185	170	202	0|0	0.906836911906836	NA
chr5	17517567	17599448	192	214	201	205	0|0	0.906836911906836	NA
chr5	46433428	47107249	69	202	164	135	0|0	0.906836911906836	NA
chr5	46812411	47106324	49	167	140	111	0|0	0.906836911906836	NA
chr5	69599003	69941962	29	48	52	49	0|0	0.906836911906836	NA
chr5	69599003	71098355	123	143	186	166	0|0	0.906836911906836	NA
chr5	98271929	98271953	21	19	21	38	0|0	0.906836911906836	NA
chr5	108855596	108855616	25	16	24	13	0|0	0.906836911906836	NA
chr5	125028447	125028478	58	57	46	64	0|0	0.906836911906836	NA
chr5	157682709	157684886	63	104	89	77	0|0	0.906836911906836	NA
chr5	179626713	179667661	212	140	196	179	0|0	0.906836911906836	NA
chr6	1668409	1669940	44	71	38	34	0|0	0.906836911906836	NA
chr6	7436499	7450162	89	277	88	94	0|0	0.906836911906836	NA
chr6	26667389	26833823	195	141	93	68	0|0	0.906836911906836	NA
chr6	48999788	48999818	39	26	10	12	0|0	0.906836911906836	NA
chr6	72606983	72613593	40	105	43	53	0|0	0.906836911906836	NA
chr6	82835596	82836504	24	41	15	20	0|0	0.906836911906836	NA
chr6	119052325	119057991	41	117	55	52	0|0	0.906836911906836	NA
chr6	150460076	150460114	64	25	63	38	0|0	0.906836911906836	NA
chr6	150611813	150611836	74	69	88	64	0|0	0.906836911906836	NA
chr6	150611813	150611836	74	69	88	64	0|0	0.906836911906836	NA
chr6	159627353	159630302	42	56	51	68	0|0	0.906836911906836	NA
chr6	159629157	159629179	40	30	37	51	0|0	0.906836911906836	NA
chr6	166469318	166473525	66	146	93	91	0|0	0.906836911906836	NA
chr7	5902029	5980481	130	231	99	166	0|0	0.906836911906836	NA
chr7	6744208	6826355	199	317	122	202	0|0	0.906836911906836	NA
chr7	30105881	30109618	39	56	29	48	0|0	0.906836911906836	NA
chr7	38241754	38241851	28	36	13	27	0|0	0.906836911906836	NA
chr7	56924022	57085544	383	647	323	419	0|0	0.906836911906836	NA
chr7	56937204	57085544	371	621	313	409	0|0	0.906836911906836	NA
chr7	62384903	62455982	668	746	752	268	0|0	0.906836911906836	NA
chr7	62384903	62456346	669	750	758	268	0|0	0.906836911906836	NA
chr7	63297511	63382353	263	92	115	112	0|0	0.906836911906836	NA
chr7	63405248	63648670	311	839	337	426	0|0	0.906836911906836	NA
chr7	63408162	63648670	310	834	334	425	0|0	0.906836911906836	NA
chr7	72952028	73228279	280	454	258	280	0|0	0.906836911906836	NA
chr7	121026660	121026684	83	81	73	41	0|0	0.906836911906836	NA
chr7	121026660	121026684	83	81	73	41	0|0	0.906836911906836	NA
chr7	121405492	121405510	47	40	48	28	0|0	0.906836911906836	NA
chr7	131074243	131078066	44	113	45	64	0|0	0.906836911906836	NA
chr7	131078046	131078066	43	46	27	44	0|0	0.906836911906836	NA
chr7	140558697	140558718	77	109	84	39	0|0	0.906836911906836	NA
chr7	140558697	140558718	77	109	84	39	0|0	0.906836911906836	NA
chr7	143599524	143860808	359	303	373	81	0|0	0.906836911906836	NA
chr7	143599524	143862131	363	308	374	81	0|0	0.906836911906836	NA
chr7	143599713	143862131	363	308	374	81	0|0	0.906836911906836	NA
chr7	144189710	144254712	215	109	132	104	0|0	0.906836911906836	NA
chr7	144189710	144300839	556	135	283	213	0|0	0.906836911906836	NA
chr7	148871396	148873514	45	75	35	27	0|0	0.906836911906836	NA
chr7	150909626	150910659	41	60	35	35	0|0	0.906836911906836	NA
chr8	7398232	7841105	386	307	299	244	0|0	0.906836911906836	NA
chr8	7398232	7916187	449	397	438	276	0|0	0.906836911906836	NA
chr8	7398817	7616511	157	145	77	174	0|0	0.906836911906836	NA
chr8	7738283	7852673	234	130	226	54	0|0	0.906836911906836	NA
chr8	7880645	7907261	40	19	34	17	0|0	0.906836911906836	NA
chr8	7968386	8076907	283	109	74	228	0|0	0.906836911906836	NA
chr8	7968386	8146072	601	139	170	394	0|0	0.906836911906836	NA
chr8	7968386	8187900	818	271	282	585	0|0	0.906836911906836	NA
chr8	8079811	8229700	622	164	228	420	0|0	0.906836911906836	NA
chr8	8147167	8229700	298	132	133	247	0|0	0.906836911906836	NA
chr8	10076766	10077067	20	48	26	20	0|0	0.906836911906836	NA
chr8	12196663	12233836	213	130	181	134	0|0	0.906836911906836	NA
chr8	12205432	12233836	198	74	140	107	0|0	0.906836911906836	NA
chr8	12433929	12601855	747	1438	1179	594	0|0	0.906836911906836	NA
chr8	12434676	12446267	61	41	46	20	0|0	0.906836911906836	NA
chr8	12434676	12601855	745	1435	1175	594	0|0	0.906836911906836	NA
chr8	17137512	17137688	50	33	38	42	0|0	0.906836911906836	NA
chr8	17137512	17137688	50	33	38	42	0|0	0.906836911906836	NA
chr8	39002029	39002061	18	11	10	12	0|0	0.906836911906836	NA
chr8	65662991	65663556	78	57	70	41	0|0	0.906836911906836	NA
chr8	65663522	65663557	78	53	63	41	0|0	0.906836911906836	NA
chr8	65663522	65663557	78	53	63	41	0|0	0.906836911906836	NA
chr8	85723885	85742473	104	41	48	63	0|0	0.906836911906836	NA
chr8	85723885	85804869	196	261	182	186	0|0	0.906836911906836	NA
chr8	95115057	95115077	35	22	33	20	0|0	0.906836911906836	NA
chr8	100932670	100934186	19	38	20	27	0|0	0.906836911906836	NA
chr8	127146601	127146620	20	36	14	37	0|0	0.906836911906836	NA
chr9	34853829	34853851	76	57	70	65	0|0	0.906836911906836	NA
chr9	34853829	34853851	76	57	70	65	0|0	0.906836911906836	NA
chr9	39604896	42603088	7525	7699	12600	6755	0|0	0.906836911906836	NA
chr9	42236500	42679490	962	1936	2146	1601	0|0	0.906836911906836	NA
chr9	42271116	42323672	47	221	67	285	0|0	0.906836911906836	NA
chr9	42614247	42679490	65	20	67	67	0|0	0.906836911906836	NA
chr9	60895325	61229864	147	195	315	79	0|0	0.906836911906836	NA
chr9	60895325	61463913	389	204	472	227	0|0	0.906836911906836	NA
chr9	60895325	61463913	389	204	472	227	0|0	0.906836911906836	NA
chr9	61815535	68301298	10832	9437	12627	13190	0|0	0.906836911906836	NA
chr9	61840396	62273802	562	316	613	461	0|0	0.906836911906836	NA
chr9	62501268	63489765	2100	1236	1953	2365	0|0	0.906836911906836	NA
chr9	64461227	64993553	819	538	1461	283	0|0	0.906836911906836	NA
chr9	64722897	65323777	728	663	1404	481	0|0	0.906836911906836	NA
chr9	96905719	96916729	49	62	75	50	0|0	0.906836911906836	NA
chr9	124924638	124925145	92	91	92	118	0|0	0.906836911906836	NA
chr9	124924638	124925145	92	91	92	118	0|0	0.906836911906836	NA
chr9	124924638	124925312	92	91	93	118	0|0	0.906836911906836	NA
chrX	1497223	1497243	34	22	34	14	0|0	0.906836911906836	NA
chrX	1866345	1866369	117	54	83	32	0|0	0.906836911906836	NA
chrX	12418149	12420399	26	72	20	40	0|0	0.906836911906836	NA
chrX	31585258	31585356	27	35	15	36	0|0	0.906836911906836	NA
chrX	40255309	40255334	28	62	25	47	0|0	0.906836911906836	NA
chrX	40600220	40602672	19	36	12	20	0|0	0.906836911906836	NA
chrX	48523553	48523573	38	70	27	52	0|0	0.906836911906836	NA
chrX	52460303	52510485	161	201	143	158	0|0	0.906836911906836	NA
chrX	52904083	52975801	189	65	108	104	0|0	0.906836911906836	NA
chrX	55449082	55493987	132	206	45	215	0|0	0.906836911906836	NA
chrX	70975468	70980598	28	64	44	38	0|0	0.906836911906836	NA
chrX	72744783	72972596	103	119	105	123	0|0	0.906836911906836	NA
chrX	97438116	97438139	76	49	76	61	0|0	0.906836911906836	NA
chrX	102230410	102487627	202	170	119	269	0|0	0.906836911906836	NA
chrX	102230410	102487627	202	170	119	269	0|0	0.906836911906836	NA
chrX	102230410	102487627	202	170	119	269	0|0	0.906836911906836	NA
chrX	107762706	107762833	30	62	32	61	0|0	0.906836911906836	NA
chrX	139693562	139694427	25	46	33	31	0|0	0.906836911906836	NA
chrX	145698058	145698078	20	39	20	43	0|0	0.906836911906836	NA
chrX	149578218	149784708	953	907	835	1367	0|0	0.906836911906836	NA
chrX	149578218	149787262	954	907	835	1367	0|0	0.906836911906836	NA
chrX	149578218	149787262	954	907	835	1367	0|0	0.906836911906836	NA
chrX	152700082	152747650	186	154	340	70	0|0	0.906836911906836	NA
chrX	152700974	152781032	228	155	367	98	0|0	0.906836911906836	NA
chrX	152700974	152781692	229	157	367	102	0|0	0.906836911906836	NA
chrX	153067795	153081468	22	26	33	16	0|0	0.906836911906836	NA
chrX	153105471	153148667	50	70	95	55	0|0	0.906836911906836	NA
chrX	153251321	153293820	68	59	95	72	0|0	0.906836911906836	NA
chrX	156006244	156040895	165	218	315	220	0|0	0.906836911906836	NA
chrX	156028091	156040895	121	85	200	129	0|0	0.906836911906836	NA
chr12	18853142	18853187	18	17	14	10	0|0	0.906836911906835	NA
chr2	12374460	12374486	19	11	17	13	0|0	0.906836911906835	NA
chr5	154656174	154656199	21	12	20	11	0|0	0.906836911906835	NA
chr7	68997382	68997419	20	22	14	10	0|0	0.906836911906835	NA
chr6	98290777	98290804	23	26	21	11	0|0	0.906836911906835	NA
chrX	103141946	103142127	20	11	21	12	0|0	0.906836911906835	NA
chr1	227496442	227506752	50	66	88	22	0|0	0.906836911906833	NA
chr19	39528217	39528861	20	16	10	16	0|0	0.906836911906833	NA
chr8	30669798	30669829	27	12	11	13	0|0	0.906836911906833	NA
chrX	115482006	115482036	21	32	12	28	0|0	0.906836911906833	NA
chr4	70521375	70521430	20	16	11	9	0|0	0.906836911906829	NA
chr18	80262891	80373285	18	16	23	11	0|0	0.906836911906828	NA
chr20	35887803	35887828	20	24	35	13	0|0	0.906836911906828	NA
chrX	25347511	25347546	28	12	24	16	0|0	0.906836911906828	NA
chr11	66089315	66090028	27	37	36	13	0|0	0.906836911906819	NA
chrX	23834397	23834416	21	13	19	10	0|0	0.906836911906804	NA
chr4	134050708	134050732	24	11	19	18	0|0	0.906836911906803	NA
chr1	66999685	67000134	30	27	12	31	0|0	0.906836911906802	NA
chr16	21729265	22699360	6918	1300	4673	4620	0|0	0.906836911906733	NA
chr16	21753768	24212419	7067	17614	14382	14182	0|0	0.906836911906733	NA
chr7	57851103	63349478	5709	21492	10597	7800	0|0	0.906836911906733	NA
chr8	16079406	16079586	18	22	9	8	0|0	0.906836911906711	NA
chr7	137161800	137161825	20	12	15	9	0|0	0.90683691190671	NA
chr2	68153339	68153374	20	10	28	23	0|0	0.906836911906706	NA
chr10	61652048	61652194	26	11	14	17	0|0	0.906836911906703	NA
chrX	152755505	152780916	44	14	33	39	0|0	0.906836911906694	NA
chr8	126928100	126928125	34	30	28	11	0|0	0.906836911906574	NA
chrX	49137500	49137521	16	9	9	13	0|0	0.906836911906299	NA
chr11	73630151	73630182	19	13	12	8	0|0	0.906836911905862	NA
chr8	80494223	80494945	17	31	8	12	0|0	0.906836911905862	NA
chr6	55187420	55187463	54	48	9	19	0|0	0.906836911904867	NA
chr6	55187420	55187463	54	48	9	19	0|0	0.906836911904867	NA
chr3	147370758	147370784	18	9	9	12	0|0	0.906836911904834	NA
chr3	153267802	153267822	18	9	8	12	0|0	0.906836911903876	NA
chr7	148873493	148873514	22	28	7	8	0|0	0.906836911903048	NA
chr5	138671102	138671138	8	11	9	7	0|0	0.90683691190135	NA
chr6	1	141736	23	19	15	8	0|0	0.906836911899239	NA
chr6	35842720	35842747	29	22	8	15	0|0	0.906836911899239	NA
chr4	2856048	2856077	20	16	21	9	0|0	0.906836911899088	NA
chr20	54926587	54926621	26	27	27	10	0|0	0.906836911898933	NA
chr11	66089914	66090028	27	25	33	11	0|0	0.906836911898777	NA
chr6	157416593	157416705	18	13	8	16	0|0	0.906836911891767	NA
chr5	17520060	17526908	68	86	24	112	0|0	0.906836911886191	NA
chr3	69228830	69228859	20	9	16	8	0|0	0.906836911883952	NA
chr6	19005284	19005315	33	29	7	6	0|0	0.906836911792869	NA
chr3	4473621	4473958	18	8	10	10	0|0	0.906836911788296	NA
chr4	941378	941414	19	8	16	8	0|0	0.906836911656672	NA
chr15	21078970	21109382	56	14	21	65	0|0	0.906836911382171	NA
chr11	70493316	70493397	24	16	17	7	0|0	0.906836910123754	NA
chr5	31136554	31136575	19	17	7	18	0|0	0.906836908370558	NA
chr9	123021285	123021313	23	8	18	22	0|0	0.906836908269822	NA
chr11	98917066	98917100	25	31	30	9	0|0	0.906836908228648	NA
chr6	25001626	25001653	25	23	7	5	0|0	0.90683690516365	NA
chr1	172717326	172717350	19	7	19	13	0|0	0.906836897880261	NA
chr11	4282180	4291878	34	21	9	32	0|0	0.906836897439644	NA
chr17	64606098	64606668	14	6	37	34	0|0	0.906836884630689	NA
chr6	42841069	42841109	27	26	11	5	0|0	0.906836807594759	NA
chr9	123974838	123999246	96	219	328	58	0|0	0.906836762703779	NA
chr1	108615538	108615807	19	10	6	18	0|0	0.906836700920887	NA
chr11	89902976	89941608	53	42	9	36	0|0	0.906836688094194	NA
chr22	18803879	18816140	34	24	12	54	0|0	0.90683667448764	NA
chr19	38790235	38790884	10	12	7	4	0|0	0.906836509615022	NA
chrX	21995548	21995575	25	13	19	6	0|0	0.906836493471444	NA
chr6	20533061	20533403	23	20	9	4	0|0	0.906835329600398	NA
chr10	47873233	47896390	44	10	38	29	0|0	0.906835116314165	NA
chr6	42119068	42119284	21	13	3	4	0|0	0.906833808947236	NA
chr8	73839347	73839369	20	17	10	4	0|0	0.906833773819964	NA
chr6	44288995	44289394	21	19	3	6	0|0	0.906824809620774	NA
chr17	71249769	71249832	45	29	2	1	0|0	0.904037296310399	NA
chr2	90279562	90334631	61	11	76	59	0|0	0.903430913685897	NA
chrX	8383702	8383728	26	12	18	3	0|0	0.864136931999392	NA
chr1	121969394	122503071	8	0	1	7	1|1	0.834132767480322	NA
chr1	121969394	122503071	8	0	1	7	1|1	0.834132767480322	NA
chr1	121969394	122527879	8	0	1	7	1|1	0.834132767480322	NA
chr22	23940416	23958481	27	0	27	2	1|1	0.66669624492904	NA
chr21	1	5071440	47	5	52	6	1|1	0.66667336299914	NA
chr16	36008142	36021350	107	2	122	14	1|1	0.666666666670047	NA
chr20	28837149	28860416	422	8	349	34	1|1	0.666666666666665	NA
chr20	28837874	28860145	407	4	343	25	1|1	0.666666666666665	NA
chr5	139830008	139830033	1	0	0	0	0|0	0.651242087749871	NA
chr5	139830008	139830033	1	0	0	0	0|0	0.651242087749871	NA
chr8	7727849	8010290	322	390	512	85	1|0	0.505563463641211	NA
chr5	49599388	50058812	248	41	163	170	0|0	0.498017195862628	NA
chr5	49599388	50058812	248	41	163	170	0|0	0.498017195862628	NA
chrX	58605581	62462880	1	0	0	4	0|1	0.352986959174439	NA
chrX	58605581	62462880	1	0	0	4	0|1	0.352986959174439	NA
chrX	58605581	62462880	1	0	0	4	0|1	0.352986959174439	NA
chr10	45874536	46739466	742	6425	3855	3819	0|0	1	NA
chr11	46348033	46354370	4	135	72	24	0|0	1	NA
chr11	54977519	54992639	2	179	98	34	0|0	1	NA
chr11	94231683	94248394	1	96	56	44	0|0	1	NA
chr13	112278328	112317129	2	248	72	272	0|0	1	NA
chr14	18985512	20070221	897	5517	4625	3653	0|0	1	NA
chr15	45869811	45883457	1	111	82	67	0|0	1	NA
chr18	21041531	21060972	1	181	84	69	0|0	1	NA
chr19	54728949	54797118	4	344	212	72	0|0	1	NA
chr2	52518004	52567833	2	233	307	94	0|0	1	NA
chr20	1579353	1627538	2	444	88	273	0|0	1	NA
chr20	29204895	29884736	964	8866	4353	4698	0|0	1	NA
chr20	31082778	31106450	21	175	143	43	0|0	1	NA
chr20	48502948	48518375	3	182	138	44	0|0	1	NA
chr21	6364192	26193151	9176	114220	74284	72992	0|0	1	NA
chr21	13580453	13754449	7	316	276	77	0|0	1	NA
chr6	1	382519	527	3501	980	1052	0|0	1	NA
chr7	2631963	2642565	7	186	62	60	0|0	1	NA
chr11	85372995	85379215	1	68	47	14	0|0	0.999999999999917	NA
chr19	38739610	38743758	1	47	11	33	0|0	0.999999999998742	NA
chr7	91583518	91591874	2	45	12	38	0|0	0.999999999991781	NA
chr11	55562059	55565384	1	50	9	30	0|0	0.999999999440901	NA
chrX	108524247	108528215	0	46	10	36	0|0	0.999999999429797	NA
chr4	70957419	70964008	0	27	11	6	0|0	0.999999999253898	NA
chr16	55755119	55798705	5	247	53	296	0|0	0.999999994774114	NA
chr11	1	179775	18	142	123	24	0|0	0.999999994138975	NA
chrX	53728217	53731595	1	27	8	8	0|0	0.999999971340821	NA
chr11	4218861	4270165	52	330	263	68	0|0	0.999999918029463	NA
chr13	69314120	69318727	0	27	8	32	0|0	0.999999868317616	NA
chr16	85128508	85132749	0	18	15	11	0|0	0.9999997720017	NA
chr7	3208748	3213318	2	22	6	9	0|0	0.999947567308023	NA
chr9	13919502	13922911	1	43	7	35	0|0	0.999939085968035	NA
chr14	106711933	106763450	4	51	54	10	0|0	0.999872191244399	NA
chr8	43971912	45789045	0	16	2	8	0|0	0.999574709555673	NA
chr12	757534	767404	1	35	8	44	0|0	0.999523459687455	NA
chr12	131644903	131655307	11	72	20	98	0|0	0.99932501107969	NA
chr21	5353437	5359524	10	197	36	215	0|0	0.994793354935031	NA
chr13	30389621	30390663	0	12	6	1	0|0	0.994793099573291	NA
chr22	34611020	34614392	0	23	5	38	0|0	0.975324002411053	NA
chr14	106329813	106355998	2	26	22	2	0|0	0.975052504998204	NA
chr14	106714701	106763450	1	36	44	4	0|0	0.974959698772013	NA
chr12	90094349	90098293	0	24	33	2	0|0	0.974959643324454	NA
chr21	44093572	44169283	5	144	19	139	0|0	0.974959599497168	NA
chr2	127168080	127171799	0	32	2	39	0|0	0.974959597873754	NA
chr20	38379276	38385796	1	49	40	2	0|0	0.974959597468234	NA
chr4	125779	132663	1	44	2	40	0|0	0.97495959746777	NA
chr3	162493341	162515906	1	114	10	93	0|0	0.97495959703789	NA
chr12	37826395	37836417	1	474	84	535	0|0	0.974959597036871	NA
chr12	37826395	37836417	1	474	84	535	0|0	0.974959597036871	NA
chr6	121837954	121847501	1	49	0	34	0|0	0.974959597033114	NA
chrX	93541460	93546646	0	45	40	1	0|0	0.974959597032978	NA
chr3	72510368	72517777	0	46	3	53	0|0	0.974959597029157	NA
chr21	44107664	44176698	4	138	16	133	0|0	0.974959597026272	NA
chr19	54219730	54243114	2	163	10	98	0|0	0.974959597025964	NA
chr10	122580997	122597265	1	111	112	12	0|0	0.974959597025659	NA
chr14	30749446	30756795	1	70	47	1	0|0	0.974959597025624	NA
chr7	76515881	76549573	15	138	83	7	0|0	0.974959597025614	NA
chr6	78810495	78822185	1	141	60	3	0|0	0.974959597025592	NA
chr8	134047747	134058017	2	86	78	6	0|0	0.97495959702559	NA
chr1	169252609	169277179	4	115	11	108	0|0	0.974959597025587	NA
chr3	75519928	75544109	0	151	14	127	0|0	0.974959597025576	NA
chr1	120664990	120933665	66	734	505	47	0|0	0.974959597025566	NA
chr1	120667975	120933665	66	731	502	46	0|0	0.974959597025566	NA
chr1	189356861	189572702	20	887	79	823	0|0	0.974959597025566	NA
chr13	57134397	57259368	2	275	332	44	0|0	0.974959597025566	NA
chr14	41131005	41200895	5	289	322	35	0|0	0.974959597025566	NA
chr17	46290067	46550840	4	377	41	742	0|0	0.974959597025566	NA
chr17	46291774	46550840	4	374	40	741	0|0	0.974959597025566	NA
chr17	46291774	46552782	4	375	40	741	0|0	0.974959597025566	NA
chr2	88861415	89031632	5	597	857	45	0|0	0.974959597025566	NA
chr2	88861710	89028160	5	573	839	41	0|0	0.974959597025566	NA
chr2	89852957	90268249	56	1393	1881	89	0|0	0.974959597025566	NA
chr21	7287062	7293028	35	392	48	418	0|0	0.974959597025566	NA
chr21	13585197	13717649	2	236	225	28	0|0	0.974959597025566	NA
chr21	13585197	13717649	2	236	225	28	0|0	0.974959597025566	NA
chr22	11428195	11495070	9	260	407	42	0|0	0.974959597025566	NA
chr22	11428512	11494984	9	252	403	40	0|0	0.974959597025566	NA
chr9	42074861	42233553	35	414	49	494	0|0	0.974959597025566	NA
chr9	42273067	42319525	17	184	25	246	0|0	0.974959597025566	NA
chr9	42273067	42319525	17	184	25	246	0|0	0.974959597025566	NA
chr1	121603991	121661448	3	165	7	116	0|0	0.974959597025562	NA
chr1	121609184	121644448	3	149	4	107	0|0	0.974959597025562	NA
chr10	42205108	42222854	6	86	1	92	0|0	0.974959597025562	NA
chr11	55184559	55215536	2	173	165	10	0|0	0.974959597025562	NA
chr11	55184559	55215536	2	173	165	10	0|0	0.974959597025562	NA
chr13	57173373	57251559	2	213	287	9	0|0	0.974959597025562	NA
chr14	41140189	41200895	4	217	280	6	0|0	0.974959597025562	NA
chr16	55762565	55798705	3	155	1	239	0|0	0.974959597025562	NA
chr16	55763378	55798705	3	150	1	235	0|0	0.974959597025562	NA
chr19	20414379	20533870	5	717	691	7	0|0	0.974959597025562	NA
chr19	20414656	20534369	5	718	692	7	0|0	0.974959597025562	NA
chr19	42787590	43042729	38	2028	1532	31	0|0	0.974959597025562	NA
chr19	42788368	43042729	38	2021	1524	29	0|0	0.974959597025562	NA
chr19	42788645	43042405	38	2017	1520	29	0|0	0.974959597025562	NA
chr19	54737422	54789465	2	164	121	0	0|0	0.974959597025562	NA
chr2	52522545	52558166	2	133	205	2	0|0	0.974959597025562	NA
chr20	1580329	1613169	0	235	7	180	0|0	0.974959597025562	NA
chr20	1581542	1613169	0	223	6	178	0|0	0.974959597025562	NA
chr4	4107354	4157187	5	144	11	120	0|0	0.974959597025562	NA
chr4	4107905	4157701	6	145	11	121	0|0	0.974959597025562	NA
chr4	186960510	186973497	1	82	69	2	0|0	0.974959597025562	NA
chr6	103289283	103314984	0	152	116	4	0|0	0.974959597025562	NA
chr7	10013895	10055744	2	250	164	6	0|0	0.974959597025562	NA
chr7	10015187	10055744	2	247	163	6	0|0	0.974959597025562	NA
chr8	25114719	25132948	1	108	0	87	0|0	0.974959597025562	NA
chr8	45927880	45945294	3	137	126	5	0|0	0.974959597025562	NA
chr8	45928131	45945294	3	132	124	5	0|0	0.974959597025562	NA
chr8	59729091	59773139	3	232	169	1	0|0	0.974959597025562	NA
chr8	59730084	59773604	3	232	164	2	0|0	0.974959597025562	NA
chrX	58485035	58505913	1	178	140	0	0|0	0.974959597025562	NA
chrX	58485222	58505913	1	178	140	0	0|0	0.974959597025562	NA
chr4	59422813	59431021	0	41	1	47	0|0	0.974959597025561	NA
chr8	645086	649651	0	35	38	0	0|0	0.974959597022236	NA
chr19	24432367	24446483	1	40	1	50	0|0	0.974959597018151	NA
chr14	35136433	35144814	0	33	65	0	0|0	0.974959597010555	NA
chr15	47915112	47922440	2	44	65	1	0|0	0.974959596996947	NA
chr14	73772973	73780138	2	41	58	1	0|0	0.974959596802348	NA
chr17	53774888	53783393	2	38	2	54	0|0	0.974959595284398	NA
chr17	36445655	36459382	0	24	4	60	0|0	0.974959589903975	NA
chr17	10986738	10992374	1	24	52	3	0|0	0.974959172029717	NA
chr7	56368367	56370844	2	23	26	0	0|0	0.974909312292709	NA
chr22	18211285	18237696	3	22	38	1	0|0	0.96904515681961	NA
