chr	start	end	CC_counts_W	CC_counts_C	WC_counts_W	WC_counts_C	genotype	probability	low_read_density
chr1	13165913	13226327	26	23	43	2	1|0	0.999999977680268	NA
chr1	108246446	108460614	476	453	980	50	1|0	1	NA
chr1	144077411	144858971	526	500	131	1330	0|1	1	NA
chr1	148885209	149218143	922	1294	2570	234	1|0	1	NA
chr10	4963341	5005237	178	202	640	36	1|0	1	NA
chr10	37104908	37118182	51	58	14	208	0|1	1	NA
chr11	48887934	48891379	22	22	36	0	1|0	0.999999999403687	NA
chr11	50115746	50360846	1710	1585	59	2821	0|1	1	NA
chr12	46893312	46918177	117	192	39	342	0|1	1	NA
chr16	1232652	1249125	119	69	16	150	0|1	0.999999999999986	NA
chr16	14794516	15322061	1961	2237	303	3103	0|1	1	NA
chr16	21620426	22592209	6296	6232	7969	582	1|0	1	NA
chr17	19074601	19188193	70	60	121	17	1|0	0.9996420757014	NA
chr2	89032517	89049020	116	39	11	97	0|1	0.99999994658056	NA
chr2	91836310	92013049	1650	1489	229	2284	0|1	1	NA
chr2	97326745	97546444	283	428	494	73	1|0	0.999999999999204	NA
chr20	26077606	26086612	84	57	12	117	0|1	0.999999999996014	NA
chr20	29890002	30274372	1139	207	973	150	1|0	1	NA
chr21	13982168	14059762	409	453	43	1136	0|1	1	NA
chr22	23932175	23969240	35	149	155	4	1|0	1	NA
chr6	26671021	26830692	182	193	45	448	0|1	1	NA
chr7	60879639	61719630	2648	2084	687	5511	0|1	1	NA
chr7	62408571	62509309	546	444	158	1109	0|1	1	NA
chr7	63427070	63439328	5	16	1	36	0|1	0.99937784638822	NA
chr7	65137715	65579345	2055	2166	4795	222	1|0	1	NA
chr7	72974689	75391272	11775	11193	1247	24474	0|1	1	NA
chr7	143703214	143844013	437	227	100	722	0|1	1	NA
chr8	2245396	2448575	360	299	585	66	1|0	1	NA
chr8	7216526	7616775	588	512	110	912	0|1	1	NA
chr8	8140574	12421897	34822	36026	2660	62081	0|1	1	NA
chr9	30952480	30956863	28	24	51	0	1|0	0.99999999999998	NA
chr9	123976823	123997558	123	210	314	37	1|0	1	NA
chrX	51692394	51727337	112	73	117	9	1|0	1	NA
chrX	52040239	52213146	1090	433	1055	36	1|0	1	NA
chrX	55480160	55521060	67	205	9	218	0|1	1	NA
chrX	103987498	104061313	726	328	743	26	1|0	1	NA
chrX	152720942	152747619	204	104	248	23	1|0	1	NA
chr1	13104251	13158142	241	5	119	106	1|1	1	NA
chr1	26641348	26646520	35	0	20	18	1|1	0.999999999417549	NA
chr1	120322005	120582283	1480	53	986	1011	1|1	1	NA
chr1	146317814	148610017	21324	453	15528	15935	1|1	1	NA
chr1	248519266	248528963	149	3	64	66	1|1	1	NA
chr10	91443379	91446250	32	0	23	28	1|1	0.999999995443268	NA
chr11	311301	318308	136	1	60	43	1|1	1	NA
chr11	1894061	1915705	368	3	167	145	1|1	1	NA
chr11	4274784	4291855	133	5	49	41	1|1	1	NA
chr11	49715000	49727831	160	0	93	93	1|1	1	NA
chr11	62095374	62100672	29	0	10	9	1|1	0.999999964350983	NA
chr12	17770293	17858447	728	23	681	614	1|1	1	NA
chr12	80452315	80454406	27	0	18	15	1|1	0.999999859510622	NA
chr12	80461970	80464258	35	2	14	13	1|1	0.999997351140308	NA
chr12	86846284	86859257	98	1	62	47	1|1	1	NA
chr13	18180471	18357628	2454	106	1064	1071	1|1	1	NA
chr13	63727365	63760842	281	8	128	114	1|1	1	NA
chr14	34547914	34555190	114	1	35	45	1|1	1	NA
chr15	20764256	20813629	100	2	64	43	1|1	1	NA
chr15	21061480	21068656	107	12	15	87	1|1	0.996310240531451	NA
chr15	84212400	84421857	572	28	243	241	1|1	1	NA
chr16	18381565	18390527	77	9	10	60	1|1	0.95849595513691	NA
chr16	32684538	33083139	2028	137	717	655	1|1	1	NA
chr16	34599790	38280290	28604	1013	10057	10216	1|1	1	NA
chr16	75205925	75222818	237	4	104	74	1|1	1	NA
chr16	85155151	85156053	20	0	13	9	1|1	0.999982930452983	NA
chr17	30616446	30625518	67	1	31	32	1|1	1	NA
chr17	43239522	43322745	362	22	191	190	1|1	1	NA
chr18	20561577	20836325	776	11	295	363	1|1	1	NA
chr19	38773664	38789302	212	2	77	75	1|1	1	NA
chr2	95431186	95460314	94	11	36	26	1|1	0.999999794372883	NA
chr2	95639619	95645607	73	7	27	39	1|1	0.999999982166468	NA
chr20	28494973	28508085	128	1	51	67	1|1	1	NA
chr21	1	5216391	262	5	86	240	1|1	1	low read density: check for inaccurate inversion coordinates
chr21	6031509	6364190	186	3	147	115	1|1	1	low read density: check for inaccurate inversion coordinates
chr21	40024201	40038144	153	11	121	96	1|1	1	NA
chr22	12027574	12275700	1975	286	1220	1308	1|1	1	NA
chr22	21442987	21523765	433	63	304	245	1|1	0.999999999999716	NA
chr3	187418573	187424395	83	1	29	47	1|1	1	NA
chr4	87926141	87937487	157	3	92	69	1|1	1	NA
chr5	179636890	179655737	298	10	99	110	1|1	1	NA
chr7	54232558	54318472	817	8	605	574	1|1	1	NA
chr7	62150718	62277223	1219	182	932	965	1|1	1	NA
chr7	70961302	70973846	257	0	154	144	1|1	1	NA
chr9	40637971	40861458	718	86	473	523	1|1	1	NA
chr9	42294361	42347871	324	20	242	130	1|1	1	NA
chr9	60518558	60867173	624	13	470	403	1|1	1	NA
chr9	61228024	61534852	204	9	195	90	1|1	1	NA
chr9	63423043	64323069	4346	409	2968	3198	1|1	1	NA
chr9	66352201	66387771	72	10	47	40	1|1	0.989262696633016	NA
chrX	94935	133620	206	2	77	90	1|1	1	NA
chrX	52499085	52538369	184	14	59	72	1|1	1	NA
chrX	52920016	52935777	191	2	82	87	1|1	1	NA
chrX	76145984	76149084	32	0	11	17	1|1	0.999999995443268	NA
chrX	101599407	101611727	106	5	38	63	1|1	1	NA
chrX	102298605	102348153	167	2	94	56	1|1	1	NA
chrX	106278310	106288145	144	0	51	64	1|1	1	NA
chrX	115725492	115729675	42	0	16	21	1|1	0.999999999995207	NA
chrX	135718926	135754328	223	24	110	112	1|1	1	NA
chrX	149678356	149734328	774	13	304	348	1|1	1	NA
chrX	153119168	153271004	1528	151	725	736	1|1	1	NA
chr8	20499958	20503713	1	3	1	1	0|0	0.947076300482474	NA
chr3	91556104	93714980	3	15	2	8	0|0	0.945482841182976	NA
chr1	121941406	121965649	4	16	5	7	0|0	0.937530093761302	NA
chr6	26901125	26902646	8	33	39	24	0|0	0.937202562996919	NA
chr5	46433987	46566222	13	57	33	17	0|0	0.937200732603703	NA
chr16	55760927	55824781	72	417	291	53	0|0	0.937200717728912	NA
chr9	70035849	70038876	16	66	46	40	0|0	0.937200714029044	NA
chr1	146317814	149872421	22614	4436	20166	18061	0|0	0.937200714000287	NA
chr7	72209360	74131840	6848	15671	5901	19301	0|0	0.937200714000287	NA
chr14	1	18669634	1012	5122	2007	2261	0|0	0.937200714000074	NA
chr14	16096630	20065473	6689	14440	7601	7776	0|0	0.937200714000074	NA
chr14	16096630	20071237	6689	14497	7628	7802	0|0	0.937200714000074	NA
chr2	89048929	94189580	6869	15250	8262	9911	0|0	0.937200714000074	NA
chr2	89259247	92016426	6748	13320	7386	9216	0|0	0.937200714000074	NA
chr20	28557232	28890334	3728	805	1879	2060	0|0	0.937200714000074	NA
chr20	28557232	29200653	6993	1704	3688	3975	0|0	0.937200714000074	NA
chr20	28557992	29204128	6986	1693	3679	3968	0|0	0.937200714000074	NA
chr21	7229343	14060189	9292	18943	19318	19260	0|0	0.937200714000074	NA
chr7	60881283	62149861	2784	6124	4307	7455	0|0	0.937200714000074	NA
chr7	65137715	65747700	2124	3281	5517	936	0|0	0.937200714000074	NA
chr12	7773653	7775687	11	25	24	35	0|0	0.937200714000025	NA
chr1	148106881	149872421	5096	4149	7500	4878	0|0	0.93720071400002	NA
chr10	41844132	42200384	139	783	948	736	0|0	0.93720071400002	NA
chr15	19780221	21122461	5620	9428	6512	6588	0|0	0.93720071400002	NA
chr15	20823734	21191336	1432	480	853	769	0|0	0.93720071400002	NA
chr15	21837169	22431962	709	1545	489	1367	0|0	0.93720071400002	NA
chr17	21968436	22148887	264	1188	721	764	0|0	0.93720071400002	NA
chr2	110095756	110662175	1757	891	654	1427	0|0	0.93720071400002	NA
chr20	29205355	29261920	146	582	155	553	0|0	0.93720071400002	NA
chr20	29261120	30424945	4703	8024	5054	6141	0|0	0.93720071400002	NA
chr20	29261767	30424742	4701	8022	5052	6141	0|0	0.93720071400002	NA
chr22	1	12904327	10199	6943	9415	9485	0|0	0.93720071400002	NA
chr22	1	16261942	11365	15399	14620	14464	0|0	0.93720071400002	NA
chr8	8067768	8230590	1065	264	444	734	0|0	0.93720071400002	NA
chr8	8088287	8231095	1045	254	415	716	0|0	0.93720071400002	NA
chr1	1	631840	593	816	564	707	0|0	0.937200714	NA
chr1	1	634427	656	884	629	794	0|0	0.937200714	NA
chr1	6304319	6304338	34	42	32	37	0|0	0.937200714	NA
chr1	9463563	9463585	20	12	21	18	0|0	0.937200714	NA
chr1	9745230	9745258	27	27	31	26	0|0	0.937200714	NA
chr1	9829474	9829505	99	49	100	70	0|0	0.937200714	NA
chr1	9829474	9829505	99	49	100	70	0|0	0.937200714	NA
chr1	10007864	10013009	49	69	68	48	0|0	0.937200714	NA
chr1	10012620	10013009	46	33	35	32	0|0	0.937200714	NA
chr1	10620994	10621216	21	26	24	13	0|0	0.937200714	NA
chr1	14257957	14258191	22	19	17	12	0|0	0.937200714	NA
chr1	14548036	14548053	20	12	13	17	0|0	0.937200714	NA
chr1	15781522	15782800	67	52	64	47	0|0	0.937200714	NA
chr1	16732718	16797607	526	416	473	479	0|0	0.937200714	NA
chr1	17464235	17465211	36	72	46	45	0|0	0.937200714	NA
chr1	22215261	22215303	111	177	140	164	0|0	0.937200714	NA
chr1	23757812	23757838	25	31	18	36	0|0	0.937200714	NA
chr1	24774725	24775093	58	92	67	81	0|0	0.937200714	NA
chr1	29617912	29619640	20	45	34	46	0|0	0.937200714	NA
chr1	32105216	32105434	32	45	37	45	0|0	0.937200714	NA
chr1	32790517	32790543	20	28	20	26	0|0	0.937200714	NA
chr1	35354722	35354764	26	19	13	11	0|0	0.937200714	NA
chr1	35623081	35628603	60	144	94	101	0|0	0.937200714	NA
chr1	36510992	36511023	88	88	97	96	0|0	0.937200714	NA
chr1	42803840	42803865	30	31	25	31	0|0	0.937200714	NA
chr1	43392096	43392135	24	29	30	28	0|0	0.937200714	NA
chr1	45398983	45399013	21	19	16	27	0|0	0.937200714	NA
chr1	45399140	45402417	46	70	55	59	0|0	0.937200714	NA
chr1	45564758	45564780	70	124	109	140	0|0	0.937200714	NA
chr1	46564046	46564073	26	19	26	31	0|0	0.937200714	NA
chr1	50014365	50014530	32	50	45	53	0|0	0.937200714	NA
chr1	52291895	52292307	72	94	79	124	0|0	0.937200714	NA
chr1	52578130	52579192	20	19	37	27	0|0	0.937200714	NA
chr1	53224798	53224819	28	23	25	38	0|0	0.937200714	NA
chr1	62795833	62795861	21	15	17	13	0|0	0.937200714	NA
chr1	63283750	63284204	26	26	21	27	0|0	0.937200714	NA
chr1	64389006	64389608	24	13	18	17	0|0	0.937200714	NA
chr1	65127364	65127384	32	14	20	24	0|0	0.937200714	NA
chr1	66998970	67000134	31	64	34	57	0|0	0.937200714	NA
chr1	79925125	79925149	29	23	19	16	0|0	0.937200714	NA
chr1	92415947	92416110	41	61	41	51	0|0	0.937200714	NA
chr1	92462168	92462192	25	36	26	35	0|0	0.937200714	NA
chr1	103620493	103760873	72	67	70	54	0|0	0.937200714	NA
chr1	105012674	105013562	45	44	58	39	0|0	0.937200714	NA
chr1	111583042	111586293	57	72	67	55	0|0	0.937200714	NA
chr1	113750516	113758256	29	56	72	42	0|0	0.937200714	NA
chr1	120259926	120318160	22	58	50	22	0|0	0.937200714	NA
chr1	150173074	150177237	75	123	79	106	0|0	0.937200714	NA
chr1	151249790	151251474	55	61	73	42	0|0	0.937200714	NA
chr1	152291075	152293214	20	18	27	24	0|0	0.937200714	NA
chr1	154390108	154390127	46	47	54	49	0|0	0.937200714	NA
chr1	154390108	154395748	48	69	79	70	0|0	0.937200714	NA
chr1	154390240	154391131	47	50	57	55	0|0	0.937200714	NA
chr1	155735586	155735605	22	17	12	21	0|0	0.937200714	NA
chr1	156994062	156996802	52	99	63	67	0|0	0.937200714	NA
chr1	167470502	167471641	45	34	41	29	0|0	0.937200714	NA
chr1	171459394	171459416	28	32	31	17	0|0	0.937200714	NA
chr1	178479898	178479939	26	14	20	18	0|0	0.937200714	NA
chr1	179196555	179198725	32	41	25	39	0|0	0.937200714	NA
chr1	179226052	179226073	24	24	27	19	0|0	0.937200714	NA
chr1	182800437	182800466	33	47	30	30	0|0	0.937200714	NA
chr1	196176455	196176485	35	45	40	53	0|0	0.937200714	NA
chr1	205718081	205718107	31	31	18	29	0|0	0.937200714	NA
chr1	211844648	211844881	30	28	13	24	0|0	0.937200714	NA
chr1	215056310	215056535	27	20	13	14	0|0	0.937200714	NA
chr1	224407402	224410674	23	58	35	20	0|0	0.937200714	NA
chr1	224410283	224410311	22	15	20	16	0|0	0.937200714	NA
chr1	231414804	231415294	25	20	21	15	0|0	0.937200714	NA
chr1	236273668	236273834	23	31	13	25	0|0	0.937200714	NA
chr1	242297345	242297371	22	21	21	18	0|0	0.937200714	NA
chr1	243964740	243964763	28	30	16	23	0|0	0.937200714	NA
chr1	248935267	248956422	36	69	52	60	0|0	0.937200714	NA
chr1	248945693	248956422	29	28	24	31	0|0	0.937200714	NA
chr10	3748381	3748411	50	53	66	86	0|0	0.937200714	NA
chr10	11058071	11058093	42	44	66	63	0|0	0.937200714	NA
chr10	11058071	11059577	44	69	80	81	0|0	0.937200714	NA
chr10	12804939	12804971	34	37	83	66	0|0	0.937200714	NA
chr10	13399307	13403002	48	65	98	111	0|0	0.937200714	NA
chr10	20552667	20552704	19	21	40	34	0|0	0.937200714	NA
chr10	28353271	28353293	111	95	159	170	0|0	0.937200714	NA
chr10	28353271	28353293	111	95	159	170	0|0	0.937200714	NA
chr10	28923999	28924029	38	33	45	34	0|0	0.937200714	NA
chr10	29762614	29762635	104	109	150	135	0|0	0.937200714	NA
chr10	29762614	29762635	104	109	150	135	0|0	0.937200714	NA
chr10	30161464	30161486	31	34	50	64	0|0	0.937200714	NA
chr10	32024054	32024086	23	24	31	30	0|0	0.937200714	NA
chr10	32224694	32224909	46	81	125	89	0|0	0.937200714	NA
chr10	32576302	32576330	27	30	56	53	0|0	0.937200714	NA
chr10	34914141	34914164	62	54	78	109	0|0	0.937200714	NA
chr10	38898391	38920242	81	129	150	191	0|0	0.937200714	NA
chr10	41843463	41894056	55	117	186	85	0|0	0.937200714	NA
chr10	45869797	45874486	77	100	142	134	0|0	0.937200714	NA
chr10	46460547	46561529	337	306	552	587	0|0	0.937200714	NA
chr10	47871313	47896376	51	19	69	70	0|0	0.937200714	NA
chr10	58400366	58400399	83	97	118	118	0|0	0.937200714	NA
chr10	69053661	69060816	50	94	158	190	0|0	0.937200714	NA
chr10	72441546	72441576	31	51	82	82	0|0	0.937200714	NA
chr10	73831469	73845599	74	214	294	295	0|0	0.937200714	NA
chr10	73844916	73845599	70	64	137	133	0|0	0.937200714	NA
chr10	73845578	73845599	70	57	130	133	0|0	0.937200714	NA
chr10	73845578	73845599	70	57	130	133	0|0	0.937200714	NA
chr10	87275319	87294317	25	13	47	42	0|0	0.937200714	NA
chr10	87433917	87468450	54	67	111	88	0|0	0.937200714	NA
chr10	87443640	87468450	52	34	79	74	0|0	0.937200714	NA
chr10	93292127	93292150	69	65	103	93	0|0	0.937200714	NA
chr10	93292127	93292150	69	65	103	93	0|0	0.937200714	NA
chr10	97691686	97691712	49	31	63	55	0|0	0.937200714	NA
chr10	99773624	99773650	27	25	36	34	0|0	0.937200714	NA
chr10	101522349	101522397	25	23	38	40	0|0	0.937200714	NA
chr10	102061311	102079271	98	304	333	339	0|0	0.937200714	NA
chr10	106725934	106725959	65	52	95	109	0|0	0.937200714	NA
chr10	106725934	106725959	65	52	95	109	0|0	0.937200714	NA
chr10	106989272	106989302	25	16	34	24	0|0	0.937200714	NA
chr10	112373210	112373240	19	15	20	27	0|0	0.937200714	NA
chr10	114231946	114232328	83	66	99	96	0|0	0.937200714	NA
chr10	116612517	116612546	37	33	53	53	0|0	0.937200714	NA
chr10	120126562	120128805	45	76	81	88	0|0	0.937200714	NA
chr10	124416790	124416892	33	41	43	48	0|0	0.937200714	NA
chr10	125850128	125850168	56	49	67	68	0|0	0.937200714	NA
chr10	128094316	128094336	20	16	22	29	0|0	0.937200714	NA
chr10	133688644	133797422	51	145	134	91	0|0	0.937200714	NA
chr10	133688959	133797422	51	145	134	91	0|0	0.937200714	NA
chr10	133688959	133797422	51	145	134	91	0|0	0.937200714	NA
chr11	306907	321636	151	134	115	95	0|0	0.937200714	NA
chr11	918663	918692	47	52	25	28	0|0	0.937200714	NA
chr11	4259057	4291873	149	104	98	85	0|0	0.937200714	NA
chr11	13414845	13414873	35	36	27	21	0|0	0.937200714	NA
chr11	18556394	18557110	24	40	27	27	0|0	0.937200714	NA
chr11	25565474	25565495	36	45	37	27	0|0	0.937200714	NA
chr11	27189776	27189803	19	19	17	16	0|0	0.937200714	NA
chr11	27265755	27267652	45	101	48	55	0|0	0.937200714	NA
chr11	27267620	27267652	44	55	32	29	0|0	0.937200714	NA
chr11	27461340	27461365	19	12	17	20	0|0	0.937200714	NA
chr11	28968680	28968702	21	28	22	20	0|0	0.937200714	NA
chr11	43590439	43590469	25	20	18	23	0|0	0.937200714	NA
chr11	46306505	46306524	37	52	43	28	0|0	0.937200714	NA
chr11	46306767	46307606	37	72	45	36	0|0	0.937200714	NA
chr11	49702763	49727745	163	150	161	156	0|0	0.937200714	NA
chr11	59750122	59750140	31	44	32	26	0|0	0.937200714	NA
chr11	65149211	65149241	23	18	25	20	0|0	0.937200714	NA
chr11	66089573	66090034	34	38	40	36	0|0	0.937200714	NA
chr11	66090007	66090030	34	34	37	36	0|0	0.937200714	NA
chr11	67112510	67114904	63	91	71	80	0|0	0.937200714	NA
chr11	67129735	67129755	22	25	17	19	0|0	0.937200714	NA
chr11	70493368	70493392	35	28	38	22	0|0	0.937200714	NA
chr11	74477696	74477722	25	26	18	18	0|0	0.937200714	NA
chr11	77459472	77460181	22	31	20	25	0|0	0.937200714	NA
chr11	80002071	80002095	42	56	38	42	0|0	0.937200714	NA
chr11	83720665	83721831	109	96	76	113	0|0	0.937200714	NA
chr11	89875090	89966854	184	195	126	206	0|0	0.937200714	NA
chr11	89875090	89966854	184	195	126	206	0|0	0.937200714	NA
chr11	89875090	89968169	185	199	132	209	0|0	0.937200714	NA
chr11	91945613	91945631	21	20	32	38	0|0	0.937200714	NA
chr11	91951804	91951837	18	22	18	26	0|0	0.937200714	NA
chr11	97181866	97182144	31	33	44	23	0|0	0.937200714	NA
chr11	97182125	97182145	31	27	38	22	0|0	0.937200714	NA
chr11	100733826	100733860	64	69	56	57	0|0	0.937200714	NA
chr11	107567755	107570801	118	116	99	117	0|0	0.937200714	NA
chr11	107570779	107570812	118	85	87	97	0|0	0.937200714	NA
chr11	107570839	107573522	118	126	113	106	0|0	0.937200714	NA
chr11	109875121	109875144	34	26	24	32	0|0	0.937200714	NA
chr11	112249960	112249995	32	42	41	45	0|0	0.937200714	NA
chr11	116587659	116587688	38	46	33	41	0|0	0.937200714	NA
chr11	118329908	118329929	18	12	24	25	0|0	0.937200714	NA
chr11	121940999	121941026	33	34	36	28	0|0	0.937200714	NA
chr11	122586640	122586661	18	24	16	16	0|0	0.937200714	NA
chr11	124614166	124614196	33	35	33	45	0|0	0.937200714	NA
chr11	125414744	125414770	80	69	68	95	0|0	0.937200714	NA
chr11	133538061	133538084	34	32	32	34	0|0	0.937200714	NA
chr12	431068	431093	32	29	35	36	0|0	0.937200714	NA
chr12	1525982	1526469	19	25	32	31	0|0	0.937200714	NA
chr12	5528628	5528650	42	31	38	45	0|0	0.937200714	NA
chr12	5854400	5854423	36	33	44	47	0|0	0.937200714	NA
chr12	10583617	10583639	30	39	40	36	0|0	0.937200714	NA
chr12	12179997	12180123	45	56	58	58	0|0	0.937200714	NA
chr12	17701188	17707019	47	101	110	76	0|0	0.937200714	NA
chr12	17706989	17707019	44	38	57	40	0|0	0.937200714	NA
chr12	18853139	18853189	26	29	37	56	0|0	0.937200714	NA
chr12	19485710	19485731	33	17	21	28	0|0	0.937200714	NA
chr12	20709896	20709935	63	73	84	67	0|0	0.937200714	NA
chr12	20710134	20713569	63	118	107	101	0|0	0.937200714	NA
chr12	22587361	22588294	85	68	89	95	0|0	0.937200714	NA
chr12	24814414	24814430	23	42	44	39	0|0	0.937200714	NA
chr12	26985623	26985655	55	65	77	77	0|0	0.937200714	NA
chr12	31409426	31409444	22	33	33	33	0|0	0.937200714	NA
chr12	34772264	37181333	20	35	18	45	0|0	0.937200714	NA
chr12	34772264	37181333	20	35	18	45	0|0	0.937200714	NA
chr12	47003296	47003331	59	73	72	77	0|0	0.937200714	NA
chr12	47003604	47007741	59	120	96	108	0|0	0.937200714	NA
chr12	48570975	48571003	37	26	30	34	0|0	0.937200714	NA
chr12	49493094	49493118	76	49	63	82	0|0	0.937200714	NA
chr12	49493094	49493118	76	49	63	82	0|0	0.937200714	NA
chr12	49529314	49529336	33	41	53	51	0|0	0.937200714	NA
chr12	49908464	49908496	21	28	34	40	0|0	0.937200714	NA
chr12	50160760	50161804	22	26	37	32	0|0	0.937200714	NA
chr12	50255551	50260952	64	95	65	107	0|0	0.937200714	NA
chr12	50260932	50260952	62	45	40	67	0|0	0.937200714	NA
chr12	50918385	50923039	50	97	83	86	0|0	0.937200714	NA
chr12	54605172	54605945	49	28	43	45	0|0	0.937200714	NA
chr12	55774559	55774598	47	44	50	75	0|0	0.937200714	NA
chr12	56068549	56068583	43	53	62	64	0|0	0.937200714	NA
chr12	56068549	56068583	43	53	62	64	0|0	0.937200714	NA
chr12	57710225	57711070	27	35	42	41	0|0	0.937200714	NA
chr12	57711041	57711066	27	33	36	39	0|0	0.937200714	NA
chr12	57775109	57775142	43	21	46	32	0|0	0.937200714	NA
chr12	60107453	60107475	20	12	24	16	0|0	0.937200714	NA
chr12	65286718	65287045	25	13	17	22	0|0	0.937200714	NA
chr12	70282923	70283677	30	26	41	25	0|0	0.937200714	NA
chr12	70283645	70283677	30	20	33	21	0|0	0.937200714	NA
chr12	79739599	79739634	20	32	34	26	0|0	0.937200714	NA
chr12	80452316	80464234	62	58	64	60	0|0	0.937200714	NA
chr12	89373997	89375371	92	88	103	103	0|0	0.937200714	NA
chr12	92124205	92124224	46	64	81	96	0|0	0.937200714	NA
chr12	92124599	92128426	46	94	96	121	0|0	0.937200714	NA
chr12	98619040	98619903	40	56	63	72	0|0	0.937200714	NA
chr12	98619874	98619899	40	52	56	72	0|0	0.937200714	NA
chr12	98619874	98622090	42	75	69	77	0|0	0.937200714	NA
chr12	98647254	98647277	64	66	70	78	0|0	0.937200714	NA
chr12	100241848	100241876	25	37	35	56	0|0	0.937200714	NA
chr12	103991030	103991843	17	21	55	34	0|0	0.937200714	NA
chr12	104256778	104256796	54	37	63	59	0|0	0.937200714	NA
chr12	111903796	111903932	20	21	30	34	0|0	0.937200714	NA
chr12	116062009	116062029	21	18	29	21	0|0	0.937200714	NA
chr12	120208355	120208384	23	24	30	37	0|0	0.937200714	NA
chr12	120856280	120856308	29	35	40	65	0|0	0.937200714	NA
chr12	123460604	123460627	23	19	32	41	0|0	0.937200714	NA
chr12	131295476	131312180	84	109	140	163	0|0	0.937200714	NA
chr12	131645671	131662781	73	81	109	124	0|0	0.937200714	NA
chr12	133140205	133140233	60	69	83	112	0|0	0.937200714	NA
chr13	24586581	24587660	20	25	15	20	0|0	0.937200714	NA
chr13	36973233	36977823	43	63	38	42	0|0	0.937200714	NA
chr13	40514889	40514913	36	36	24	29	0|0	0.937200714	NA
chr13	41959495	41959521	34	40	38	32	0|0	0.937200714	NA
chr13	45272418	45272449	33	33	26	18	0|0	0.937200714	NA
chr13	45302361	45302388	23	23	24	20	0|0	0.937200714	NA
chr13	46582151	46582185	26	19	18	23	0|0	0.937200714	NA
chr13	47350895	47350997	29	34	33	30	0|0	0.937200714	NA
chr13	52360734	52361079	47	58	52	46	0|0	0.937200714	NA
chr13	52639696	52639725	28	27	22	17	0|0	0.937200714	NA
chr13	55131058	55131082	22	18	13	17	0|0	0.937200714	NA
chr13	55953786	55953814	29	27	28	22	0|0	0.937200714	NA
chr13	92206044	92206063	26	29	26	28	0|0	0.937200714	NA
chr13	104406645	104407443	37	37	36	46	0|0	0.937200714	NA
chr13	113301546	113306376	147	220	162	138	0|0	0.937200714	NA
chr14	18864061	19378941	2731	2057	1663	1704	0|0	0.937200714	NA
chr14	20071654	20071686	48	50	35	38	0|0	0.937200714	NA
chr14	21142367	21144205	33	57	34	32	0|0	0.937200714	NA
chr14	22944942	22945198	30	35	32	24	0|0	0.937200714	NA
chr14	31214055	31214376	37	49	44	21	0|0	0.937200714	NA
chr14	32591473	32591490	19	27	15	18	0|0	0.937200714	NA
chr14	34471618	34471954	22	23	19	21	0|0	0.937200714	NA
chr14	34538815	34587566	122	231	159	131	0|0	0.937200714	NA
chr14	39144844	39146576	54	99	58	43	0|0	0.937200714	NA
chr14	39146887	39149063	54	107	55	51	0|0	0.937200714	NA
chr14	49681832	49681929	27	40	20	30	0|0	0.937200714	NA
chr14	50737497	50737527	41	32	25	21	0|0	0.937200714	NA
chr14	51459828	51459854	26	24	20	17	0|0	0.937200714	NA
chr14	52219314	52219335	19	22	20	21	0|0	0.937200714	NA
chr14	52491009	52491040	41	26	21	31	0|0	0.937200714	NA
chr14	53066960	53066976	27	17	17	17	0|0	0.937200714	NA
chr14	54896920	54896944	36	38	35	27	0|0	0.937200714	NA
chr14	54923162	54923891	70	67	48	59	0|0	0.937200714	NA
chr14	54923742	54923768	70	59	43	59	0|0	0.937200714	NA
chr14	55509565	55509589	30	33	35	34	0|0	0.937200714	NA
chr14	60202426	60202453	19	18	23	23	0|0	0.937200714	NA
chr14	64583813	64583837	35	33	19	28	0|0	0.937200714	NA
chr14	65386505	65386539	22	24	14	17	0|0	0.937200714	NA
chr14	66042304	66044062	35	49	46	48	0|0	0.937200714	NA
chr14	73307304	73307334	53	62	50	44	0|0	0.937200714	NA
chr14	73534377	73534394	61	45	49	60	0|0	0.937200714	NA
chr14	73562988	73564558	97	85	79	80	0|0	0.937200714	NA
chr14	73564296	73564317	97	68	66	77	0|0	0.937200714	NA
chr14	73564296	73564317	97	68	66	77	0|0	0.937200714	NA
chr14	74268856	74268876	46	37	35	34	0|0	0.937200714	NA
chr14	74310399	74310426	80	90	56	75	0|0	0.937200714	NA
chr14	75433197	75433231	52	74	65	43	0|0	0.937200714	NA
chr14	76798265	76799265	97	105	78	96	0|0	0.937200714	NA
chr14	76798948	76798972	95	96	75	92	0|0	0.937200714	NA
chr14	76799059	76801202	96	116	89	106	0|0	0.937200714	NA
chr14	77805205	77805231	109	147	124	103	0|0	0.937200714	NA
chr14	96468078	96468243	32	18	25	29	0|0	0.937200714	NA
chr14	99423590	99423616	24	38	34	16	0|0	0.937200714	NA
chr14	100365581	100365607	75	74	54	76	0|0	0.937200714	NA
chr14	101352447	101352483	21	32	27	24	0|0	0.937200714	NA
chr14	103649489	103649587	60	94	77	54	0|0	0.937200714	NA
chr15	17025193	17083881	813	1104	849	880	0|0	0.937200714	NA
chr15	21242525	21433949	207	241	140	229	0|0	0.937200714	NA
chr15	23129335	23356304	142	104	80	171	0|0	0.937200714	NA
chr15	23163563	23356304	142	103	77	168	0|0	0.937200714	NA
chr15	23296227	23358727	101	91	32	150	0|0	0.937200714	NA
chr15	23296227	23358727	101	91	32	150	0|0	0.937200714	NA
chr15	28320205	28512123	114	123	96	100	0|0	0.937200714	NA
chr15	28350889	28463982	112	104	81	88	0|0	0.937200714	NA
chr15	34716598	34716627	42	83	29	49	0|0	0.937200714	NA
chr15	39574830	39574862	83	91	77	55	0|0	0.937200714	NA
chr15	39574830	39574862	83	91	77	55	0|0	0.937200714	NA
chr15	40409396	40409625	90	143	59	89	0|0	0.937200714	NA
chr15	41206475	41206504	44	50	26	29	0|0	0.937200714	NA
chr15	41329065	41329101	80	60	62	51	0|0	0.937200714	NA
chr15	43274804	43274832	37	28	24	14	0|0	0.937200714	NA
chr15	45436917	45437140	57	93	45	65	0|0	0.937200714	NA
chr15	48923470	48923574	31	58	30	42	0|0	0.937200714	NA
chr15	50542039	50542070	177	95	132	78	0|0	0.937200714	NA
chr15	50542039	50542070	177	95	132	78	0|0	0.937200714	NA
chr15	50542039	50542070	177	95	132	78	0|0	0.937200714	NA
chr15	50766506	50766530	40	42	23	22	0|0	0.937200714	NA
chr15	55978924	55978948	48	72	43	46	0|0	0.937200714	NA
chr15	56461662	56461689	95	117	66	78	0|0	0.937200714	NA
chr15	56461662	56461689	95	117	66	78	0|0	0.937200714	NA
chr15	61774746	61776203	34	69	34	55	0|0	0.937200714	NA
chr15	62591772	62604714	122	296	178	188	0|0	0.937200714	NA
chr15	65239425	65239482	71	112	48	69	0|0	0.937200714	NA
chr15	68757171	68757200	66	47	57	38	0|0	0.937200714	NA
chr15	72223962	72224889	40	87	48	63	0|0	0.937200714	NA
chr15	72639153	72670065	76	90	62	56	0|0	0.937200714	NA
chr15	72648655	72666012	68	66	43	39	0|0	0.937200714	NA
chr15	73496353	73496672	27	32	14	24	0|0	0.937200714	NA
chr15	73645067	73645095	63	68	59	53	0|0	0.937200714	NA
chr15	73645124	73646599	63	74	61	57	0|0	0.937200714	NA
chr15	75254676	75301549	130	204	134	149	0|0	0.937200714	NA
chr15	75273878	75278891	122	37	49	64	0|0	0.937200714	NA
chr15	78780204	78785568	45	96	59	45	0|0	0.937200714	NA
chr15	79927665	79927695	47	32	38	26	0|0	0.937200714	NA
chr15	82717486	82717512	27	23	16	19	0|0	0.937200714	NA
chr15	84169169	84211128	56	74	61	76	0|0	0.937200714	NA
chr15	84422869	84527054	110	123	112	96	0|0	0.937200714	NA
chr15	84753859	84754729	59	79	66	48	0|0	0.937200714	NA
chr15	86632271	86632291	57	26	37	23	0|0	0.937200714	NA
chr15	86632271	86632291	57	26	37	23	0|0	0.937200714	NA
chr15	89944104	89944136	22	34	17	17	0|0	0.937200714	NA
chr15	92697415	92697449	21	18	13	13	0|0	0.937200714	NA
chr15	93345852	93345880	41	77	30	54	0|0	0.937200714	NA
chr15	99212989	99214530	31	39	38	31	0|0	0.937200714	NA
chr16	1225735	1257040	141	207	87	223	0|0	0.937200714	NA
chr16	1504124	1504465	46	36	40	43	0|0	0.937200714	NA
chr16	2569399	2580124	36	28	27	20	0|0	0.937200714	NA
chr16	3082554	3082586	18	17	14	19	0|0	0.937200714	NA
chr16	3212045	3213685	16	20	18	15	0|0	0.937200714	NA
chr16	3913529	3913557	28	17	20	14	0|0	0.937200714	NA
chr16	3957860	3958576	15	24	21	14	0|0	0.937200714	NA
chr16	4630356	4630377	51	60	40	50	0|0	0.937200714	NA
chr16	4949932	4949959	24	23	27	19	0|0	0.937200714	NA
chr16	5134221	5134302	22	17	19	22	0|0	0.937200714	NA
chr16	7197441	7197470	15	13	10	11	0|0	0.937200714	NA
chr16	8724732	8724778	30	13	12	21	0|0	0.937200714	NA
chr16	9034797	9034828	31	22	20	14	0|0	0.937200714	NA
chr16	9175424	9175449	71	58	63	44	0|0	0.937200714	NA
chr16	9175424	9175449	71	58	63	44	0|0	0.937200714	NA
chr16	11866699	11866722	34	32	38	42	0|0	0.937200714	NA
chr16	14127644	14127667	38	44	35	30	0|0	0.937200714	NA
chr16	16331606	16420663	33	33	25	21	0|0	0.937200714	NA
chr16	18257140	18258141	23	37	11	17	0|0	0.937200714	NA
chr16	18291522	18390527	134	86	55	128	0|0	0.937200714	NA
chr16	18298651	18379776	53	70	41	63	0|0	0.937200714	NA
chr16	21128867	21130119	47	61	43	43	0|0	0.937200714	NA
chr16	21137262	21137288	15	13	21	12	0|0	0.937200714	NA
chr16	24432682	24432711	88	84	61	56	0|0	0.937200714	NA
chr16	25021807	25022009	32	24	14	17	0|0	0.937200714	NA
chr16	25231860	25232014	33	44	20	30	0|0	0.937200714	NA
chr16	28908571	28910059	18	37	18	17	0|0	0.937200714	NA
chr16	29422418	29422442	17	29	18	19	0|0	0.937200714	NA
chr16	30994423	30994608	19	30	15	28	0|0	0.937200714	NA
chr16	36321546	36335766	55	22	36	33	0|0	0.937200714	NA
chr16	36335800	36339018	16	51	45	42	0|0	0.937200714	NA
chr16	46556627	46556753	25	42	19	13	0|0	0.937200714	NA
chr16	47042598	47042626	77	67	51	44	0|0	0.937200714	NA
chr16	58470909	58470935	39	38	34	22	0|0	0.937200714	NA
chr16	68716220	68716646	31	23	19	33	0|0	0.937200714	NA
chr16	71719537	71719726	97	141	74	103	0|0	0.937200714	NA
chr16	72562094	72562116	32	29	22	21	0|0	0.937200714	NA
chr16	73735336	73735405	20	14	12	20	0|0	0.937200714	NA
chr16	74051555	74052487	18	23	23	13	0|0	0.937200714	NA
chr16	74355443	74359586	115	113	83	69	0|0	0.937200714	NA
chr16	74355443	74359586	115	113	83	69	0|0	0.937200714	NA
chr16	74408511	74416484	52	64	62	38	0|0	0.937200714	NA
chr16	74409849	74416484	49	55	52	30	0|0	0.937200714	NA
chr16	76931800	76931832	21	28	21	23	0|0	0.937200714	NA
chr16	77900693	77900714	81	113	58	96	0|0	0.937200714	NA
chr16	78032234	78033435	59	115	56	86	0|0	0.937200714	NA
chr16	78962135	78962495	15	24	21	17	0|0	0.937200714	NA
chr16	81262567	81262866	61	89	50	65	0|0	0.937200714	NA
chr16	81805501	81805529	34	27	19	23	0|0	0.937200714	NA
chr16	82929653	82929691	85	94	49	71	0|0	0.937200714	NA
chr16	88084433	88085280	23	23	14	13	0|0	0.937200714	NA
chr16	88094407	88095056	16	22	21	18	0|0	0.937200714	NA
chr17	1459239	1459260	23	12	11	19	0|0	0.937200714	NA
chr17	2491081	2492930	22	22	32	26	0|0	0.937200714	NA
chr17	2519538	2519563	25	19	19	18	0|0	0.937200714	NA
chr17	5205533	5205552	61	104	75	74	0|0	0.937200714	NA
chr17	5205533	5205552	61	104	75	74	0|0	0.937200714	NA
chr17	6228332	6228357	24	21	20	26	0|0	0.937200714	NA
chr17	6228630	6229479	24	32	21	32	0|0	0.937200714	NA
chr17	6910574	6910607	27	29	22	14	0|0	0.937200714	NA
chr17	6966307	6966717	27	30	32	21	0|0	0.937200714	NA
chr17	7659881	7660843	90	108	123	70	0|0	0.937200714	NA
chr17	7660814	7660850	90	100	118	70	0|0	0.937200714	NA
chr17	7660814	7660850	90	100	118	70	0|0	0.937200714	NA
chr17	9418517	9418858	78	58	69	84	0|0	0.937200714	NA
chr17	9589729	9589761	97	124	116	123	0|0	0.937200714	NA
chr17	9589729	9589761	97	124	116	123	0|0	0.937200714	NA
chr17	21791272	21826970	171	170	156	158	0|0	0.937200714	NA
chr17	21814136	21825775	163	138	129	139	0|0	0.937200714	NA
chr17	28444983	28445324	25	39	34	27	0|0	0.937200714	NA
chr17	28455121	28455148	77	57	53	55	0|0	0.937200714	NA
chr17	28455121	28455148	77	57	53	55	0|0	0.937200714	NA
chr17	29040280	29040304	35	25	31	39	0|0	0.937200714	NA
chr17	30614835	30632037	69	54	52	46	0|0	0.937200714	NA
chr17	31306795	31306816	24	44	39	27	0|0	0.937200714	NA
chr17	31843554	31844380	28	29	32	33	0|0	0.937200714	NA
chr17	31844647	31845895	25	42	32	37	0|0	0.937200714	NA
chr17	31926371	31926397	30	36	39	35	0|0	0.937200714	NA
chr17	33036855	33037150	24	35	38	34	0|0	0.937200714	NA
chr17	34792566	34792603	41	30	16	22	0|0	0.937200714	NA
chr17	37073707	37073733	20	38	23	26	0|0	0.937200714	NA
chr17	37929345	38232222	74	71	88	77	0|0	0.937200714	NA
chr17	42342674	42343192	31	60	55	38	0|0	0.937200714	NA
chr17	43990440	43990459	24	34	30	16	0|0	0.937200714	NA
chr17	44566798	44566825	82	59	58	65	0|0	0.937200714	NA
chr17	44724695	44725140	22	22	17	12	0|0	0.937200714	NA
chr17	46568495	46623342	52	69	53	45	0|0	0.937200714	NA
chr17	47723470	47723499	41	52	36	39	0|0	0.937200714	NA
chr17	49059987	49060020	22	12	15	17	0|0	0.937200714	NA
chr17	49232393	49232413	26	28	25	31	0|0	0.937200714	NA
chr17	51060499	51060534	25	37	37	26	0|0	0.937200714	NA
chr17	52484160	52484180	117	81	94	88	0|0	0.937200714	NA
chr17	52484160	52495668	122	243	177	160	0|0	0.937200714	NA
chr17	59638682	59641636	53	84	76	72	0|0	0.937200714	NA
chr17	59866112	59866144	33	26	31	37	0|0	0.937200714	NA
chr17	60438670	60438698	41	39	21	30	0|0	0.937200714	NA
chr17	60438827	60439451	40	42	23	34	0|0	0.937200714	NA
chr17	62549291	62549528	36	63	52	41	0|0	0.937200714	NA
chr17	62549411	62549444	36	62	50	41	0|0	0.937200714	NA
chr17	64014229	64018366	71	102	94	93	0|0	0.937200714	NA
chr17	64606646	64606665	42	21	22	23	0|0	0.937200714	NA
chr17	69282767	69282787	23	18	21	20	0|0	0.937200714	NA
chr17	71017119	71017148	31	35	26	24	0|0	0.937200714	NA
chr17	75696542	75696568	29	23	20	21	0|0	0.937200714	NA
chr17	78926561	78926732	107	59	72	79	0|0	0.937200714	NA
chr17	78926916	78931749	107	136	87	104	0|0	0.937200714	NA
chr18	2232778	2232801	36	16	17	20	0|0	0.937200714	NA
chr18	12141089	12150166	44	25	40	34	0|0	0.937200714	NA
chr18	13321878	13321917	21	28	19	28	0|0	0.937200714	NA
chr18	13531274	13531469	98	88	80	66	0|0	0.937200714	NA
chr18	21428318	21429404	49	60	40	36	0|0	0.937200714	NA
chr18	27216096	27217541	33	48	36	41	0|0	0.937200714	NA
chr18	27955599	27956647	96	105	92	87	0|0	0.937200714	NA
chr18	32317395	32317416	43	42	33	25	0|0	0.937200714	NA
chr18	37993006	37995151	52	68	34	54	0|0	0.937200714	NA
chr18	43452517	43452572	57	56	56	43	0|0	0.937200714	NA
chr18	46957039	46957060	31	28	35	21	0|0	0.937200714	NA
chr18	49466414	49466739	39	52	32	27	0|0	0.937200714	NA
chr18	49997263	49997303	24	32	21	18	0|0	0.937200714	NA
chr18	50826783	50826814	41	59	37	39	0|0	0.937200714	NA
chr18	53460056	53460075	28	33	22	28	0|0	0.937200714	NA
chr18	58062989	58063013	21	27	23	21	0|0	0.937200714	NA
chr18	59658860	59658909	22	19	12	21	0|0	0.937200714	NA
chr18	63989944	63989973	43	60	39	47	0|0	0.937200714	NA
chr19	1	120737	90	77	59	101	0|0	0.937200714	NA
chr19	1	247541	115	259	145	217	0|0	0.937200714	NA
chr19	1180534	1185544	92	137	90	90	0|0	0.937200714	NA
chr19	1763370	1763396	30	21	17	23	0|0	0.937200714	NA
chr19	2017309	2017333	54	64	38	28	0|0	0.937200714	NA
chr19	2928375	2933169	63	120	75	68	0|0	0.937200714	NA
chr19	5198009	5198036	25	22	17	20	0|0	0.937200714	NA
chr19	5609053	5609084	71	68	51	58	0|0	0.937200714	NA
chr19	6204020	6204046	40	27	29	26	0|0	0.937200714	NA
chr19	8335176	8338903	44	71	51	40	0|0	0.937200714	NA
chr19	9643045	9643067	54	75	49	43	0|0	0.937200714	NA
chr19	9937629	9937651	21	14	14	20	0|0	0.937200714	NA
chr19	11292969	11292998	48	45	45	41	0|0	0.937200714	NA
chr19	11695651	11695682	38	34	36	29	0|0	0.937200714	NA
chr19	12719787	12719815	30	46	31	29	0|0	0.937200714	NA
chr19	14707241	14707402	21	15	14	24	0|0	0.937200714	NA
chr19	24330704	24336233	47	94	39	105	0|0	0.937200714	NA
chr19	29269470	29269491	32	74	31	29	0|0	0.937200714	NA
chr19	31468596	31468616	21	16	10	13	0|0	0.937200714	NA
chr19	32326335	32326408	55	112	74	72	0|0	0.937200714	NA
chr19	35707195	35707225	32	28	24	21	0|0	0.937200714	NA
chr19	35883783	35883817	66	35	29	39	0|0	0.937200714	NA
chr19	36185415	36191017	68	105	68	56	0|0	0.937200714	NA
chr19	36189832	36191294	48	47	41	30	0|0	0.937200714	NA
chr19	36190993	36191017	48	35	32	28	0|0	0.937200714	NA
chr19	38759626	38792304	226	129	130	129	0|0	0.937200714	NA
chr19	39966642	39966661	34	22	22	22	0|0	0.937200714	NA
chr19	42194760	42195126	31	31	21	26	0|0	0.937200714	NA
chr19	43518753	43518774	55	46	47	48	0|0	0.937200714	NA
chr19	43518753	43518774	55	46	47	48	0|0	0.937200714	NA
chr19	43518990	43520215	55	53	47	51	0|0	0.937200714	NA
chr19	43833029	43833054	42	34	33	20	0|0	0.937200714	NA
chr19	44546043	44546067	17	18	11	12	0|0	0.937200714	NA
chr19	46663458	46665206	44	67	33	40	0|0	0.937200714	NA
chr19	46665187	46665206	43	21	21	21	0|0	0.937200714	NA
chr19	48652762	48652800	90	68	65	75	0|0	0.937200714	NA
chr19	53561751	53564093	23	35	22	17	0|0	0.937200714	NA
chr19	53840959	53840989	28	23	23	20	0|0	0.937200714	NA
chr19	55412256	55413382	25	28	19	17	0|0	0.937200714	NA
chr19	56054567	56054591	103	150	85	88	0|0	0.937200714	NA
chr19	58074577	58075410	48	64	44	36	0|0	0.937200714	NA
chr19	58074577	58075410	48	64	44	36	0|0	0.937200714	NA
chr19	58092577	58092604	26	46	32	35	0|0	0.937200714	NA
chr2	9061588	9061609	25	30	24	39	0|0	0.937200714	NA
chr2	21067174	21067198	26	15	30	36	0|0	0.937200714	NA
chr2	25653426	25653460	26	29	30	26	0|0	0.937200714	NA
chr2	32075427	32075501	14	25	23	34	0|0	0.937200714	NA
chr2	32075536	32085107	50	105	111	112	0|0	0.937200714	NA
chr2	32264435	32264455	31	27	38	41	0|0	0.937200714	NA
chr2	37103385	37121292	96	268	265	232	0|0	0.937200714	NA
chr2	37119606	37121292	93	110	153	138	0|0	0.937200714	NA
chr2	43728479	43728501	38	26	32	38	0|0	0.937200714	NA
chr2	44402328	44402356	28	36	41	41	0|0	0.937200714	NA
chr2	47308278	47308300	26	46	41	56	0|0	0.937200714	NA
chr2	51239840	51239934	57	62	79	57	0|0	0.937200714	NA
chr2	61143364	61143390	25	31	30	29	0|0	0.937200714	NA
chr2	64837937	64838090	20	15	27	21	0|0	0.937200714	NA
chr2	65179228	65179266	28	28	34	20	0|0	0.937200714	NA
chr2	68153339	68153376	28	39	43	38	0|0	0.937200714	NA
chr2	68153745	68154217	28	39	43	40	0|0	0.937200714	NA
chr2	68304227	68304245	24	28	24	34	0|0	0.937200714	NA
chr2	70208911	70208933	67	46	60	79	0|0	0.937200714	NA
chr2	70555899	70556245	26	24	33	27	0|0	0.937200714	NA
chr2	74510393	74510419	21	14	23	17	0|0	0.937200714	NA
chr2	75944247	75944274	31	47	38	46	0|0	0.937200714	NA
chr2	85348632	85348660	22	26	15	19	0|0	0.937200714	NA
chr2	85487629	85489134	22	50	24	24	0|0	0.937200714	NA
chr2	88018748	88021710	60	109	65	75	0|0	0.937200714	NA
chr2	88021756	88022107	58	66	45	46	0|0	0.937200714	NA
chr2	94189626	94292449	1294	1268	1065	1023	0|0	0.937200714	NA
chr2	94189626	94292449	1294	1268	1065	1023	0|0	0.937200714	NA
chr2	95593998	95645501	76	39	37	56	0|0	0.937200714	NA
chr2	96025589	96049572	48	73	55	65	0|0	0.937200714	NA
chr2	96096278	96096324	69	50	50	60	0|0	0.937200714	NA
chr2	110333685	110632373	238	417	340	169	0|0	0.937200714	NA
chr2	110664028	110664048	27	23	20	30	0|0	0.937200714	NA
chr2	112618471	112618498	23	21	17	22	0|0	0.937200714	NA
chr2	130572820	130650480	391	486	355	347	0|0	0.937200714	NA
chr2	130574626	130650108	382	470	342	340	0|0	0.937200714	NA
chr2	131284219	131285594	24	17	11	13	0|0	0.937200714	NA
chr2	135537076	135537202	33	42	15	24	0|0	0.937200714	NA
chr2	146996320	146996362	35	37	30	29	0|0	0.937200714	NA
chr2	148015114	148015133	22	24	17	20	0|0	0.937200714	NA
chr2	157886770	157886797	27	24	25	21	0|0	0.937200714	NA
chr2	160389700	160389729	103	110	105	102	0|0	0.937200714	NA
chr2	160389700	160389729	103	110	105	102	0|0	0.937200714	NA
chr2	169534186	169534281	30	43	30	34	0|0	0.937200714	NA
chr2	171820729	171820755	67	87	80	74	0|0	0.937200714	NA
chr2	179343104	179343127	54	94	80	65	0|0	0.937200714	NA
chr2	179663715	179663738	61	78	88	66	0|0	0.937200714	NA
chr2	179663715	179663738	61	78	88	66	0|0	0.937200714	NA
chr2	200882897	200888076	59	86	76	65	0|0	0.937200714	NA
chr2	200888157	200888929	50	77	66	55	0|0	0.937200714	NA
chr2	202366053	202366821	56	88	66	79	0|0	0.937200714	NA
chr2	202675577	202676007	28	47	44	35	0|0	0.937200714	NA
chr2	206245985	206246014	66	93	69	76	0|0	0.937200714	NA
chr2	207611730	207612065	79	98	74	81	0|0	0.937200714	NA
chr2	207611730	207612065	79	98	74	81	0|0	0.937200714	NA
chr2	211248878	211248904	30	26	25	41	0|0	0.937200714	NA
chr2	215943711	215943869	84	88	79	73	0|0	0.937200714	NA
chr2	218708495	218708518	30	39	27	27	0|0	0.937200714	NA
chr2	222349396	222349419	30	26	28	27	0|0	0.937200714	NA
chr2	222616249	222616575	21	21	16	13	0|0	0.937200714	NA
chr2	229258752	229258887	28	34	30	32	0|0	0.937200714	NA
chr2	229307317	229307347	34	39	19	22	0|0	0.937200714	NA
chr2	229307317	229308746	46	53	26	31	0|0	0.937200714	NA
chr2	230551955	230551980	23	17	15	20	0|0	0.937200714	NA
chr2	231354259	231354289	29	47	26	31	0|0	0.937200714	NA
chr2	240671719	240699198	140	211	226	73	0|0	0.937200714	NA
chr2	240676083	240699198	136	153	201	50	0|0	0.937200714	NA
chr2	242171451	242193529	42	39	22	23	0|0	0.937200714	NA
chr20	448686	448715	69	86	49	102	0|0	0.937200714	NA
chr20	2598435	2599323	25	33	42	19	0|0	0.937200714	NA
chr20	2599295	2599316	25	25	35	18	0|0	0.937200714	NA
chr20	3054725	3054760	36	35	33	52	0|0	0.937200714	NA
chr20	4237457	4237487	47	67	31	65	0|0	0.937200714	NA
chr20	5975251	5975278	33	23	26	13	0|0	0.937200714	NA
chr20	17574727	17574753	33	27	29	28	0|0	0.937200714	NA
chr20	18648997	18649022	33	35	24	28	0|0	0.937200714	NA
chr20	25769982	25818319	78	82	34	121	0|0	0.937200714	NA
chr20	26010259	26093897	139	230	99	191	0|0	0.937200714	NA
chr20	26073826	26086628	116	83	30	138	0|0	0.937200714	NA
chr20	31633902	31633933	34	28	30	21	0|0	0.937200714	NA
chr20	32411033	32411065	50	59	47	56	0|0	0.937200714	NA
chr20	32724946	32724973	23	18	16	14	0|0	0.937200714	NA
chr20	33513689	33513839	35	35	30	36	0|0	0.937200714	NA
chr20	33746841	33747648	22	26	28	24	0|0	0.937200714	NA
chr20	34025680	34025702	65	55	84	44	0|0	0.937200714	NA
chr20	34409087	34414169	43	74	49	53	0|0	0.937200714	NA
chr20	35430801	35431116	22	21	28	20	0|0	0.937200714	NA
chr20	35887802	35887831	42	45	58	28	0|0	0.937200714	NA
chr20	36725601	36725633	23	14	16	19	0|0	0.937200714	NA
chr20	36999286	37002145	77	95	101	74	0|0	0.937200714	NA
chr20	37001772	37001946	77	73	89	67	0|0	0.937200714	NA
chr20	41504081	41504115	55	53	49	39	0|0	0.937200714	NA
chr20	41504081	41504115	55	53	49	39	0|0	0.937200714	NA
chr20	47584624	47594705	55	125	84	102	0|0	0.937200714	NA
chr20	47594782	47597789	51	75	57	73	0|0	0.937200714	NA
chr20	47893657	47898521	68	83	88	57	0|0	0.937200714	NA
chr20	50715895	50720595	56	99	82	79	0|0	0.937200714	NA
chr20	54718713	54719064	36	36	19	45	0|0	0.937200714	NA
chr20	54926585	54926619	61	44	55	37	0|0	0.937200714	NA
chr20	55083335	55083360	22	29	28	36	0|0	0.937200714	NA
chr21	5216343	5392408	689	707	963	835	0|0	0.937200714	NA
chr21	5218822	5375378	608	632	865	748	0|0	0.937200714	NA
chr21	20018869	20018898	24	19	23	26	0|0	0.937200714	NA
chr21	23302015	23302040	20	15	30	28	0|0	0.937200714	NA
chr21	26193418	26193447	78	52	79	77	0|0	0.937200714	NA
chr21	26193418	26193447	78	52	79	77	0|0	0.937200714	NA
chr21	31412784	31412815	21	23	44	27	0|0	0.937200714	NA
chr21	31412943	31414451	21	52	49	36	0|0	0.937200714	NA
chr21	31784744	31787667	40	85	79	77	0|0	0.937200714	NA
chr21	31787642	31787667	23	22	27	29	0|0	0.937200714	NA
chr21	31787796	31788571	23	28	30	37	0|0	0.937200714	NA
chr21	36448352	36448372	29	31	37	25	0|0	0.937200714	NA
chr21	40015758	40044838	156	231	259	237	0|0	0.937200714	NA
chr22	12275721	12871311	3193	3351	3710	3716	0|0	0.937200714	NA
chr22	16261435	16262788	49	78	38	58	0|0	0.937200714	NA
chr22	17656238	17656261	21	33	15	37	0|0	0.937200714	NA
chr22	18372245	18573682	105	34	63	62	0|0	0.937200714	NA
chr22	18372245	18884855	443	205	310	346	0|0	0.937200714	NA
chr22	18392930	18621854	165	93	128	118	0|0	0.937200714	NA
chr22	18573699	18884855	340	176	247	290	0|0	0.937200714	NA
chr22	18622343	18884855	269	99	174	222	0|0	0.937200714	NA
chr22	20758366	20758396	71	45	50	58	0|0	0.937200714	NA
chr22	21111600	21330026	258	387	319	369	0|0	0.937200714	NA
chr22	21111600	21442953	355	597	521	548	0|0	0.937200714	NA
chr22	21337835	21565227	588	359	577	520	0|0	0.937200714	NA
chr22	21390789	21442953	85	70	105	88	0|0	0.937200714	NA
chr22	21492005	21565793	151	196	188	209	0|0	0.937200714	NA
chr22	21565756	21565793	38	44	42	51	0|0	0.937200714	NA
chr22	21603529	21603561	22	32	27	17	0|0	0.937200714	NA
chr22	24899025	24899053	33	40	24	44	0|0	0.937200714	NA
chr22	26577261	26577292	22	28	23	25	0|0	0.937200714	NA
chr22	28741149	28741174	26	19	21	17	0|0	0.937200714	NA
chr22	29584658	29584690	29	37	37	27	0|0	0.937200714	NA
chr22	31785862	31787845	57	39	51	39	0|0	0.937200714	NA
chr22	36969906	36969933	34	26	34	20	0|0	0.937200714	NA
chr22	45751431	45751765	74	90	55	76	0|0	0.937200714	NA
chr22	50798803	50818468	45	53	77	50	0|0	0.937200714	NA
chr22	50801077	50818468	45	40	60	47	0|0	0.937200714	NA
chr3	4473933	4473958	22	21	27	37	0|0	0.937200714	NA
chr3	7359113	7359132	47	38	44	47	0|0	0.937200714	NA
chr3	10013487	10013509	18	14	20	16	0|0	0.937200714	NA
chr3	11216389	11219737	23	30	35	54	0|0	0.937200714	NA
chr3	13310586	13310607	52	24	47	38	0|0	0.937200714	NA
chr3	13431215	13431239	37	78	67	78	0|0	0.937200714	NA
chr3	13486269	13486302	30	32	41	45	0|0	0.937200714	NA
chr3	15159619	15159641	19	26	20	24	0|0	0.937200714	NA
chr3	25420993	25421089	30	22	28	26	0|0	0.937200714	NA
chr3	29245432	29246764	26	43	36	35	0|0	0.937200714	NA
chr3	29245536	29246764	26	42	36	35	0|0	0.937200714	NA
chr3	32558410	32558871	19	12	37	24	0|0	0.937200714	NA
chr3	32852752	32852783	24	43	21	32	0|0	0.937200714	NA
chr3	40242496	40242519	23	18	22	23	0|0	0.937200714	NA
chr3	44558526	44558552	18	16	16	23	0|0	0.937200714	NA
chr3	44779820	44779843	30	30	42	34	0|0	0.937200714	NA
chr3	48442165	48442281	19	22	36	18	0|0	0.937200714	NA
chr3	49375461	49378200	83	109	83	93	0|0	0.937200714	NA
chr3	52460189	52460220	19	17	22	16	0|0	0.937200714	NA
chr3	52562159	52562349	66	42	66	60	0|0	0.937200714	NA
chr3	52562159	52567589	78	71	90	93	0|0	0.937200714	NA
chr3	52612907	52614402	25	30	29	40	0|0	0.937200714	NA
chr3	57293972	57293990	128	88	146	113	0|0	0.937200714	NA
chr3	57906046	57906079	53	69	49	60	0|0	0.937200714	NA
chr3	57909504	57909527	34	27	32	22	0|0	0.937200714	NA
chr3	58006500	58007252	22	29	24	33	0|0	0.937200714	NA
chr3	58069063	58069162	36	34	38	32	0|0	0.937200714	NA
chr3	68370296	68370327	67	42	46	42	0|0	0.937200714	NA
chr3	68604162	68605511	20	40	24	38	0|0	0.937200714	NA
chr3	69228303	69228859	18	20	26	33	0|0	0.937200714	NA
chr3	72813467	72813789	51	42	66	48	0|0	0.937200714	NA
chr3	73689916	73689942	55	98	66	106	0|0	0.937200714	NA
chr3	73689916	73689942	55	98	66	106	0|0	0.937200714	NA
chr3	101918889	101918921	150	152	120	135	0|0	0.937200714	NA
chr3	101918889	101918921	150	152	120	135	0|0	0.937200714	NA
chr3	101918889	101918921	150	152	120	135	0|0	0.937200714	NA
chr3	113702207	113702225	59	64	69	64	0|0	0.937200714	NA
chr3	113702207	113702225	59	64	69	64	0|0	0.937200714	NA
chr3	113807281	113808155	116	97	117	103	0|0	0.937200714	NA
chr3	119861512	119862548	50	62	74	70	0|0	0.937200714	NA
chr3	121824521	121827401	45	63	48	38	0|0	0.937200714	NA
chr3	141342394	141342419	42	42	41	35	0|0	0.937200714	NA
chr3	141966912	141966941	25	25	14	23	0|0	0.937200714	NA
chr3	142309025	142314935	51	101	79	72	0|0	0.937200714	NA
chr3	144589042	144589058	19	23	27	19	0|0	0.937200714	NA
chr3	147249362	147249385	28	18	19	24	0|0	0.937200714	NA
chr3	147370758	147370811	37	31	26	30	0|0	0.937200714	NA
chr3	153267803	153267823	27	28	30	27	0|0	0.937200714	NA
chr3	155067202	155067222	20	18	18	19	0|0	0.937200714	NA
chr3	157165178	157165302	25	40	28	34	0|0	0.937200714	NA
chr3	157214539	157214897	69	65	54	59	0|0	0.937200714	NA
chr3	160738028	160738054	27	21	18	22	0|0	0.937200714	NA
chr3	161653277	161653299	24	21	26	21	0|0	0.937200714	NA
chr3	168119606	168120054	30	28	17	28	0|0	0.937200714	NA
chr3	168941564	168941591	30	25	26	20	0|0	0.937200714	NA
chr3	170436206	170436635	32	31	17	36	0|0	0.937200714	NA
chr3	177379637	177379667	19	17	19	14	0|0	0.937200714	NA
chr3	179248722	179248752	31	32	28	21	0|0	0.937200714	NA
chr3	180945496	180953758	50	114	82	79	0|0	0.937200714	NA
chr3	189667024	189667045	34	39	36	38	0|0	0.937200714	NA
chr4	1	68290	305	512	412	588	0|0	0.937200714	NA
chr4	1	68290	305	512	412	588	0|0	0.937200714	NA
chr4	1	69277	306	519	413	592	0|0	0.937200714	NA
chr4	1924207	1927750	45	95	56	52	0|0	0.937200714	NA
chr4	4323239	4323264	29	14	17	19	0|0	0.937200714	NA
chr4	28256584	28257936	26	34	26	31	0|0	0.937200714	NA
chr4	38279682	38280149	21	25	16	27	0|0	0.937200714	NA
chr4	39404170	39404198	25	33	31	27	0|0	0.937200714	NA
chr4	39535036	39535067	61	65	49	42	0|0	0.937200714	NA
chr4	39944182	39948236	103	146	115	126	0|0	0.937200714	NA
chr4	39948212	39948235	103	113	94	117	0|0	0.937200714	NA
chr4	39948212	39948235	103	113	94	117	0|0	0.937200714	NA
chr4	42817122	42817157	23	17	22	21	0|0	0.937200714	NA
chr4	43546765	43546789	41	45	42	31	0|0	0.937200714	NA
chr4	44316798	44317028	50	38	60	48	0|0	0.937200714	NA
chr4	44316798	44317028	50	38	60	48	0|0	0.937200714	NA
chr4	46515251	46515271	23	16	23	27	0|0	0.937200714	NA
chr4	48810470	48810739	19	24	21	32	0|0	0.937200714	NA
chr4	57198260	57199162	74	82	63	56	0|0	0.937200714	NA
chr4	57199138	57199161	74	69	56	52	0|0	0.937200714	NA
chr4	67686953	67686999	19	13	15	11	0|0	0.937200714	NA
chr4	67694221	67694247	19	27	17	25	0|0	0.937200714	NA
chr4	71264812	71267829	43	78	51	42	0|0	0.937200714	NA
chr4	73225863	73225891	36	30	48	21	0|0	0.937200714	NA
chr4	85081702	85083419	50	83	51	66	0|0	0.937200714	NA
chr4	87915623	87944593	169	328	240	227	0|0	0.937200714	NA
chr4	99937918	99938291	20	15	18	19	0|0	0.937200714	NA
chr4	112724473	112725312	22	29	25	16	0|0	0.937200714	NA
chr4	118499545	118500940	25	39	40	28	0|0	0.937200714	NA
chr4	118500917	118500938	25	23	28	23	0|0	0.937200714	NA
chr4	123444490	123446888	46	48	56	37	0|0	0.937200714	NA
chr4	123446759	123446780	44	40	51	29	0|0	0.937200714	NA
chr4	128706062	128707005	54	54	48	48	0|0	0.937200714	NA
chr4	128706969	128707004	54	49	45	47	0|0	0.937200714	NA
chr4	134050285	134054687	47	67	62	56	0|0	0.937200714	NA
chr4	161945347	161948321	35	56	57	55	0|0	0.937200714	NA
chr4	161948292	161948318	35	40	48	45	0|0	0.937200714	NA
chr4	162707649	162707677	74	61	78	71	0|0	0.937200714	NA
chr4	162707649	162707677	74	61	78	71	0|0	0.937200714	NA
chr4	167314316	167314506	18	18	24	30	0|0	0.937200714	NA
chr4	171103791	171103930	20	26	15	31	0|0	0.937200714	NA
chr4	173732316	173732337	35	27	44	25	0|0	0.937200714	NA
chr4	183948220	183948253	44	40	35	36	0|0	0.937200714	NA
chr4	183948403	183949274	46	52	38	45	0|0	0.937200714	NA
chr4	184295905	184298160	67	81	86	75	0|0	0.937200714	NA
chr4	186758023	186758044	32	14	28	29	0|0	0.937200714	NA
chr4	190100397	190214555	462	571	619	559	0|0	0.937200714	NA
chr4	190100397	190214555	462	571	619	559	0|0	0.937200714	NA
chr4	190178974	190214555	116	109	130	84	0|0	0.937200714	NA
chr5	1	11729	37	34	18	23	0|0	0.937200714	NA
chr5	6650277	6650428	25	46	27	42	0|0	0.937200714	NA
chr5	7723923	7724140	70	90	59	76	0|0	0.937200714	NA
chr5	7723923	7724140	70	90	59	76	0|0	0.937200714	NA
chr5	9229719	9229750	39	30	27	16	0|0	0.937200714	NA
chr5	14395381	14396069	22	33	20	15	0|0	0.937200714	NA
chr5	17014866	17017153	132	194	108	129	0|0	0.937200714	NA
chr5	17017156	17018319	131	173	102	128	0|0	0.937200714	NA
chr5	17518892	17594271	227	158	201	108	0|0	0.937200714	NA
chr5	17519463	17585101	220	148	192	101	0|0	0.937200714	NA
chr5	17520351	17585101	190	136	169	80	0|0	0.937200714	NA
chr5	20832441	20834700	59	55	50	53	0|0	0.937200714	NA
chr5	21479258	21497019	89	43	32	92	0|0	0.937200714	NA
chr5	21491232	21497019	76	35	26	77	0|0	0.937200714	NA
chr5	22116609	22116768	30	41	20	35	0|0	0.937200714	NA
chr5	22639059	22639100	76	41	31	38	0|0	0.937200714	NA
chr5	22639059	22639100	76	41	31	38	0|0	0.937200714	NA
chr5	25141625	25141658	20	16	17	11	0|0	0.937200714	NA
chr5	30941270	30941292	39	19	21	25	0|0	0.937200714	NA
chr5	31802922	31803162	30	30	28	25	0|0	0.937200714	NA
chr5	41444375	41446454	33	63	40	29	0|0	0.937200714	NA
chr5	41446178	41446212	33	15	24	19	0|0	0.937200714	NA
chr5	43216091	43217481	59	65	50	24	0|0	0.937200714	NA
chr5	43217461	43217482	59	44	37	22	0|0	0.937200714	NA
chr5	47063485	47083210	68	99	34	67	0|0	0.937200714	NA
chr5	55993975	55994684	22	20	23	14	0|0	0.937200714	NA
chr5	64078231	64078251	37	16	33	17	0|0	0.937200714	NA
chr5	64470808	64477854	127	39	28	67	0|0	0.937200714	NA
chr5	64470808	64484287	137	100	44	89	0|0	0.937200714	NA
chr5	69573076	70471332	150	166	135	120	0|0	0.937200714	NA
chr5	69573076	70894852	252	255	210	186	0|0	0.937200714	NA
chr5	69573076	71098391	260	274	224	193	0|0	0.937200714	NA
chr5	73459250	73459268	19	37	13	18	0|0	0.937200714	NA
chr5	73557104	73557122	26	40	15	29	0|0	0.937200714	NA
chr5	73675734	73675763	37	30	25	24	0|0	0.937200714	NA
chr5	78168013	78168048	22	19	14	22	0|0	0.937200714	NA
chr5	91363907	91366767	70	165	73	93	0|0	0.937200714	NA
chr5	98271930	98271953	50	108	43	62	0|0	0.937200714	NA
chr5	98271930	98271953	50	108	43	62	0|0	0.937200714	NA
chr5	108854984	108855614	59	33	36	26	0|0	0.937200714	NA
chr5	108855596	108855619	59	30	32	24	0|0	0.937200714	NA
chr5	109510267	109510295	30	27	21	20	0|0	0.937200714	NA
chr5	125028446	125028484	42	92	56	52	0|0	0.937200714	NA
chr5	126761193	126763546	86	110	75	57	0|0	0.937200714	NA
chr5	126763356	126763460	86	80	62	55	0|0	0.937200714	NA
chr5	136411480	136411508	52	38	36	39	0|0	0.937200714	NA
chr5	136411480	136411508	52	38	36	39	0|0	0.937200714	NA
chr5	138197305	138197328	62	48	53	46	0|0	0.937200714	NA
chr5	138197305	138197328	62	48	53	46	0|0	0.937200714	NA
chr5	138668217	138671136	21	78	30	34	0|0	0.937200714	NA
chr5	140046481	140046505	22	24	15	18	0|0	0.937200714	NA
chr5	140886825	140886851	25	18	21	17	0|0	0.937200714	NA
chr5	151639455	151639476	19	15	12	10	0|0	0.937200714	NA
chr5	157476279	157476305	28	18	22	16	0|0	0.937200714	NA
chr5	157684855	157684888	80	61	73	53	0|0	0.937200714	NA
chr5	164789016	164789034	26	21	25	18	0|0	0.937200714	NA
chr5	171367390	171367446	35	38	30	32	0|0	0.937200714	NA
chr5	176409292	176409319	34	43	39	33	0|0	0.937200714	NA
chr5	176409400	176410202	34	53	40	38	0|0	0.937200714	NA
chr6	786729	786750	18	26	33	38	0|0	0.937200714	NA
chr6	1669919	1669941	43	40	52	56	0|0	0.937200714	NA
chr6	1669919	1671182	46	58	60	66	0|0	0.937200714	NA
chr6	3990204	3990227	95	94	122	114	0|0	0.937200714	NA
chr6	3990204	3990227	95	94	122	114	0|0	0.937200714	NA
chr6	7436499	7450510	99	293	236	233	0|0	0.937200714	NA
chr6	10810099	10810121	19	29	34	24	0|0	0.937200714	NA
chr6	15137868	15137900	21	20	22	26	0|0	0.937200714	NA
chr6	16604326	16604527	48	34	51	53	0|0	0.937200714	NA
chr6	19005284	19005314	22	34	54	61	0|0	0.937200714	NA
chr6	19005546	19006211	22	37	59	67	0|0	0.937200714	NA
chr6	21191755	21191780	18	16	32	30	0|0	0.937200714	NA
chr6	25125109	25130150	66	117	141	134	0|0	0.937200714	NA
chr6	25125109	25130150	66	117	141	134	0|0	0.937200714	NA
chr6	25130125	25130150	64	70	101	100	0|0	0.937200714	NA
chr6	28449328	28449353	31	31	43	53	0|0	0.937200714	NA
chr6	33549798	33549821	19	21	27	35	0|0	0.937200714	NA
chr6	36583330	36583525	40	23	42	51	0|0	0.937200714	NA
chr6	39286758	39286786	25	19	18	23	0|0	0.937200714	NA
chr6	42807804	42807825	18	16	30	24	0|0	0.937200714	NA
chr6	42841071	42841093	23	34	45	37	0|0	0.937200714	NA
chr6	79211013	79211041	54	35	55	57	0|0	0.937200714	NA
chr6	82836479	82836508	24	29	50	27	0|0	0.937200714	NA
chr6	89043408	89044115	23	35	38	40	0|0	0.937200714	NA
chr6	98290775	98290804	30	41	39	50	0|0	0.937200714	NA
chr6	99483846	99483868	43	32	44	77	0|0	0.937200714	NA
chr6	108190817	108190845	28	40	69	41	0|0	0.937200714	NA
chr6	108991626	108994174	19	39	32	39	0|0	0.937200714	NA
chr6	109417171	109417205	35	25	71	72	0|0	0.937200714	NA
chr6	113679978	113680009	31	36	62	47	0|0	0.937200714	NA
chr6	118738543	118738569	31	39	53	29	0|0	0.937200714	NA
chr6	119057968	119057993	48	58	77	70	0|0	0.937200714	NA
chr6	128692068	128692327	26	32	47	35	0|0	0.937200714	NA
chr6	136860015	136860046	24	30	23	37	0|0	0.937200714	NA
chr6	139866841	139868809	45	37	43	52	0|0	0.937200714	NA
chr6	150460081	150460114	55	59	100	99	0|0	0.937200714	NA
chr6	150601404	150612035	151	274	267	329	0|0	0.937200714	NA
chr6	150611813	150611841	151	117	162	242	0|0	0.937200714	NA
chr6	150611813	150611841	151	117	162	242	0|0	0.937200714	NA
chr6	154687041	154709984	78	207	212	271	0|0	0.937200714	NA
chr6	156092088	156092118	94	106	138	133	0|0	0.937200714	NA
chr6	158744566	158752267	72	126	125	132	0|0	0.937200714	NA
chr6	159625350	159629358	47	96	82	107	0|0	0.937200714	NA
chr6	159629157	159629358	46	35	62	72	0|0	0.937200714	NA
chr6	166468857	166468889	83	75	105	119	0|0	0.937200714	NA
chr6	166468857	166468889	83	75	105	119	0|0	0.937200714	NA
chr6	169586849	169586881	106	64	106	120	0|0	0.937200714	NA
chr6	169586849	169586881	106	64	106	120	0|0	0.937200714	NA
chr6	169586849	169586881	106	64	106	120	0|0	0.937200714	NA
chr7	5088487	5088521	21	18	12	17	0|0	0.937200714	NA
chr7	11780997	11781045	45	39	52	47	0|0	0.937200714	NA
chr7	15430623	15430645	25	19	17	23	0|0	0.937200714	NA
chr7	15430909	15433662	25	31	18	41	0|0	0.937200714	NA
chr7	22316971	22316997	144	95	123	105	0|0	0.937200714	NA
chr7	22964107	22965410	25	17	38	32	0|0	0.937200714	NA
chr7	22965128	22965151	25	15	34	32	0|0	0.937200714	NA
chr7	23099915	23099946	27	18	31	35	0|0	0.937200714	NA
chr7	23365585	23366580	17	41	30	38	0|0	0.937200714	NA
chr7	24358790	24358816	46	21	49	37	0|0	0.937200714	NA
chr7	27798799	27800482	30	19	37	37	0|0	0.937200714	NA
chr7	30104928	30109618	53	117	98	118	0|0	0.937200714	NA
chr7	36043242	36043270	22	23	22	28	0|0	0.937200714	NA
chr7	43125012	43125783	27	40	51	31	0|0	0.937200714	NA
chr7	43125755	43125788	27	25	39	27	0|0	0.937200714	NA
chr7	50456591	50462267	49	106	98	91	0|0	0.937200714	NA
chr7	50462228	50462267	48	34	56	45	0|0	0.937200714	NA
chr7	56016405	56017448	57	90	79	102	0|0	0.937200714	NA
chr7	56067895	56067921	31	58	47	58	0|0	0.937200714	NA
chr7	57617611	57637014	36	27	36	39	0|0	0.937200714	NA
chr7	57829515	57856276	48	70	59	60	0|0	0.937200714	NA
chr7	62373250	62389386	107	26	127	117	0|0	0.937200714	NA
chr7	64090066	64092438	17	26	20	38	0|0	0.937200714	NA
chr7	66931300	66931325	20	17	12	22	0|0	0.937200714	NA
chr7	68544296	68544323	21	13	27	14	0|0	0.937200714	NA
chr7	68997382	68997589	24	26	25	41	0|0	0.937200714	NA
chr7	68997431	68998525	24	37	27	46	0|0	0.937200714	NA
chr7	70716640	70716669	61	88	76	116	0|0	0.937200714	NA
chr7	70716640	70716669	61	88	76	116	0|0	0.937200714	NA
chr7	71488165	71488197	26	12	28	24	0|0	0.937200714	NA
chr7	71994513	71994541	31	25	40	38	0|0	0.937200714	NA
chr7	74131870	74132256	58	72	63	70	0|0	0.937200714	NA
chr7	74132226	74132259	51	72	63	65	0|0	0.937200714	NA
chr7	74558281	74558305	43	37	38	40	0|0	0.937200714	NA
chr7	77009999	77013052	34	28	43	25	0|0	0.937200714	NA
chr7	77637859	77637884	20	28	35	31	0|0	0.937200714	NA
chr7	80667431	80667459	22	17	17	11	0|0	0.937200714	NA
chr7	96369144	96369163	29	27	28	33	0|0	0.937200714	NA
chr7	100639579	100639600	22	49	38	39	0|0	0.937200714	NA
chr7	101142286	101142316	70	100	83	106	0|0	0.937200714	NA
chr7	101142523	101144578	70	118	93	116	0|0	0.937200714	NA
chr7	102077525	102077550	26	22	23	21	0|0	0.937200714	NA
chr7	102347013	102363182	55	54	77	46	0|0	0.937200714	NA
chr7	102579038	102581361	57	54	44	67	0|0	0.937200714	NA
chr7	105864053	105864486	27	36	39	35	0|0	0.937200714	NA
chr7	107675282	107675311	72	46	76	55	0|0	0.937200714	NA
chr7	107675282	107675311	72	46	76	55	0|0	0.937200714	NA
chr7	107934897	107934929	57	32	63	43	0|0	0.937200714	NA
chr7	107934897	107934929	57	32	63	43	0|0	0.937200714	NA
chr7	120728134	120728155	75	119	84	100	0|0	0.937200714	NA
chr7	120728134	120728155	75	119	84	100	0|0	0.937200714	NA
chr7	120728270	120729746	75	137	91	110	0|0	0.937200714	NA
chr7	121026660	121026683	95	67	75	86	0|0	0.937200714	NA
chr7	121026660	121026683	95	67	75	86	0|0	0.937200714	NA
chr7	121405595	121405841	118	74	85	78	0|0	0.937200714	NA
chr7	128088280	128088303	24	22	20	23	0|0	0.937200714	NA
chr7	128973013	128973947	37	57	52	53	0|0	0.937200714	NA
chr7	128973740	128973824	37	53	46	53	0|0	0.937200714	NA
chr7	131057785	131057816	191	123	157	127	0|0	0.937200714	NA
chr7	131057785	131057816	191	123	157	127	0|0	0.937200714	NA
chr7	131078045	131078067	27	44	35	52	0|0	0.937200714	NA
chr7	135191535	135191628	32	29	47	41	0|0	0.937200714	NA
chr7	137161801	137161828	39	55	40	42	0|0	0.937200714	NA
chr7	138100092	138100235	25	29	37	46	0|0	0.937200714	NA
chr7	138612502	138615389	90	100	91	109	0|0	0.937200714	NA
chr7	140409994	140410015	34	32	31	33	0|0	0.937200714	NA
chr7	140410081	140411165	34	43	33	41	0|0	0.937200714	NA
chr7	140558697	140558718	203	138	177	155	0|0	0.937200714	NA
chr7	140558697	140558718	203	138	177	155	0|0	0.937200714	NA
chr7	141526468	141526497	30	39	39	31	0|0	0.937200714	NA
chr7	143800703	143870719	118	110	132	198	0|0	0.937200714	NA
chr7	144357109	144363782	59	57	58	97	0|0	0.937200714	NA
chr8	4908581	4912144	50	102	77	79	0|0	0.937200714	NA
chr8	6293641	6299897	23	12	12	10	0|0	0.937200714	NA
chr8	6404090	6404186	32	41	42	24	0|0	0.937200714	NA
chr8	7271128	8007791	930	1134	807	1214	0|0	0.937200714	NA
chr8	7676728	7833043	211	199	233	183	0|0	0.937200714	NA
chr8	7716346	7769112	130	46	86	106	0|0	0.937200714	NA
chr8	7769261	7831113	76	98	97	56	0|0	0.937200714	NA
chr8	7981227	8080784	265	189	238	149	0|0	0.937200714	NA
chr8	11106852	11106874	53	67	47	67	0|0	0.937200714	NA
chr8	17137516	17137543	43	52	86	44	0|0	0.937200714	NA
chr8	22511805	22514272	19	39	23	20	0|0	0.937200714	NA
chr8	30669801	30669829	23	40	25	27	0|0	0.937200714	NA
chr8	34779532	34780272	32	27	29	32	0|0	0.937200714	NA
chr8	37954542	37954823	19	20	19	19	0|0	0.937200714	NA
chr8	38248946	38248971	50	60	37	55	0|0	0.937200714	NA
chr8	39283412	39283446	20	15	14	11	0|0	0.937200714	NA
chr8	42717385	42717410	21	31	12	18	0|0	0.937200714	NA
chr8	53626171	53626326	28	33	16	21	0|0	0.937200714	NA
chr8	65662645	65663557	125	126	155	95	0|0	0.937200714	NA
chr8	65663522	65663555	125	119	151	91	0|0	0.937200714	NA
chr8	67003168	67003189	29	29	40	37	0|0	0.937200714	NA
chr8	67091108	67094154	87	121	93	79	0|0	0.937200714	NA
chr8	69313704	69313731	60	56	66	43	0|0	0.937200714	NA
chr8	73902882	73902923	64	60	61	50	0|0	0.937200714	NA
chr8	73903147	73903632	63	63	61	51	0|0	0.937200714	NA
chr8	84615323	84615359	143	119	101	160	0|0	0.937200714	NA
chr8	85655319	85805668	350	582	453	390	0|0	0.937200714	NA
chr8	94419751	94425082	54	88	41	76	0|0	0.937200714	NA
chr8	94425063	94425082	45	44	24	56	0|0	0.937200714	NA
chr8	94549009	94550541	17	26	12	17	0|0	0.937200714	NA
chr8	95115054	95115077	56	47	64	38	0|0	0.937200714	NA
chr8	100972055	100972938	18	19	21	13	0|0	0.937200714	NA
chr8	102458554	102458575	24	29	23	24	0|0	0.937200714	NA
chr8	113328439	113328465	79	76	76	62	0|0	0.937200714	NA
chr8	123458035	123458072	25	51	37	29	0|0	0.937200714	NA
chr8	126928100	126928129	33	55	37	40	0|0	0.937200714	NA
chr8	131645076	131645925	15	20	19	17	0|0	0.937200714	NA
chr8	134243131	134243882	25	21	19	17	0|0	0.937200714	NA
chr8	140693559	140693609	15	19	19	14	0|0	0.937200714	NA
chr9	4673172	4673202	32	43	43	44	0|0	0.937200714	NA
chr9	4715218	4715243	48	58	40	39	0|0	0.937200714	NA
chr9	17164313	17164383	21	14	18	17	0|0	0.937200714	NA
chr9	19179866	19183193	42	55	39	39	0|0	0.937200714	NA
chr9	19181637	19181664	40	29	23	27	0|0	0.937200714	NA
chr9	19282555	19282582	71	72	66	67	0|0	0.937200714	NA
chr9	19282555	19282582	71	72	66	67	0|0	0.937200714	NA
chr9	21946740	21946770	28	23	19	17	0|0	0.937200714	NA
chr9	32498984	32499006	28	32	26	23	0|0	0.937200714	NA
chr9	34853829	34853850	93	129	104	121	0|0	0.937200714	NA
chr9	37281217	37282627	56	36	45	44	0|0	0.937200714	NA
chr9	37282606	37282633	56	29	41	42	0|0	0.937200714	NA
chr9	39604199	42415909	7796	7809	9153	9526	0|0	0.937200714	NA
chr9	40868126	42294357	5204	5925	6868	6702	0|0	0.937200714	NA
chr9	42235850	42294357	492	545	675	596	0|0	0.937200714	NA
chr9	42347983	42417050	610	502	572	765	0|0	0.937200714	NA
chr9	60869192	61227913	173	206	165	327	0|0	0.937200714	NA
chr9	60869192	61231926	181	210	167	331	0|0	0.937200714	NA
chr9	60869192	61631663	386	237	384	433	0|0	0.937200714	NA
chr9	62283042	63370119	1629	1765	1877	2458	0|0	0.937200714	NA
chr9	62307917	63414542	1631	1900	1953	2556	0|0	0.937200714	NA
chr9	62359014	63434058	1631	1904	1959	2566	0|0	0.937200714	NA
chr9	64191370	64378608	69	91	67	118	0|0	0.937200714	NA
chr9	64324232	64340530	27	24	22	39	0|0	0.937200714	NA
chr9	65048875	65076536	253	241	260	304	0|0	0.937200714	NA
chr9	65049497	65076536	250	230	256	299	0|0	0.937200714	NA
chr9	67279576	67549290	340	245	282	241	0|0	0.937200714	NA
chr9	67375901	67548977	334	239	282	239	0|0	0.937200714	NA
chr9	71580586	71581599	62	82	81	70	0|0	0.937200714	NA
chr9	71581568	71581599	62	67	75	66	0|0	0.937200714	NA
chr9	80088072	80088098	37	41	50	50	0|0	0.937200714	NA
chr9	81748933	81748952	34	53	55	62	0|0	0.937200714	NA
chr9	84019943	84019968	36	20	61	32	0|0	0.937200714	NA
chr9	91372428	91372873	39	49	56	51	0|0	0.937200714	NA
chr9	107595053	107595080	19	24	25	21	0|0	0.937200714	NA
chr9	110433366	110433392	23	16	21	24	0|0	0.937200714	NA
chr9	111894654	111894681	30	20	39	31	0|0	0.937200714	NA
chr9	111894988	111895363	29	24	44	37	0|0	0.937200714	NA
chr9	111984574	111984598	56	37	65	56	0|0	0.937200714	NA
chr9	122041971	122041995	21	15	20	28	0|0	0.937200714	NA
chr9	124924639	124925143	45	87	55	75	0|0	0.937200714	NA
chr9	124925262	124928105	45	119	73	100	0|0	0.937200714	NA
chr9	124925262	124929049	45	130	77	106	0|0	0.937200714	NA
chr9	125248624	125248648	88	89	85	95	0|0	0.937200714	NA
chr9	128876245	128876278	46	40	46	43	0|0	0.937200714	NA
chr9	129946839	129948280	27	48	37	24	0|0	0.937200714	NA
chr9	137370605	137370625	25	25	30	18	0|0	0.937200714	NA
chrX	1	222535	214	236	135	168	0|0	0.937200714	NA
chrX	973581	973908	34	53	13	23	0|0	0.937200714	NA
chrX	1497223	1497249	109	67	37	27	0|0	0.937200714	NA
chrX	1861057	1870406	190	228	113	94	0|0	0.937200714	NA
chrX	8155928	8155947	102	162	46	54	0|0	0.937200714	NA
chrX	8155928	8155947	102	162	46	54	0|0	0.937200714	NA
chrX	12417995	12418020	47	51	23	27	0|0	0.937200714	NA
chrX	12560477	12560501	30	30	18	23	0|0	0.937200714	NA
chrX	20094132	20096112	45	92	19	36	0|0	0.937200714	NA
chrX	21995548	21995573	117	83	49	38	0|0	0.937200714	NA
chrX	21995548	21995573	117	83	49	38	0|0	0.937200714	NA
chrX	23834397	23834417	91	67	51	33	0|0	0.937200714	NA
chrX	24069378	24069405	61	55	16	29	0|0	0.937200714	NA
chrX	24069378	24069405	61	55	16	29	0|0	0.937200714	NA
chrX	25347511	25347542	58	42	26	21	0|0	0.937200714	NA
chrX	25347511	25347542	58	42	26	21	0|0	0.937200714	NA
chrX	31583916	31585356	46	82	34	36	0|0	0.937200714	NA
chrX	40255308	40255334	70	93	18	32	0|0	0.937200714	NA
chrX	40255308	40255334	70	93	18	32	0|0	0.937200714	NA
chrX	42915533	42915558	57	80	25	39	0|0	0.937200714	NA
chrX	46633359	46633387	19	31	11	13	0|0	0.937200714	NA
chrX	48522428	48523571	77	119	39	55	0|0	0.937200714	NA
chrX	52488571	52542347	187	89	75	104	0|0	0.937200714	NA
chrX	52677098	52781211	28	23	22	20	0|0	0.937200714	NA
chrX	52876962	52979289	204	194	146	144	0|0	0.937200714	NA
chrX	53241581	53245576	46	102	41	62	0|0	0.937200714	NA
chrX	53465715	53465756	117	125	61	56	0|0	0.937200714	NA
chrX	53465715	53465756	117	125	61	56	0|0	0.937200714	NA
chrX	71836324	71836642	70	53	41	34	0|0	0.937200714	NA
chrX	72742027	72970231	99	123	79	155	0|0	0.937200714	NA
chrX	74317345	74317386	156	135	92	88	0|0	0.937200714	NA
chrX	74317788	74319788	156	158	104	102	0|0	0.937200714	NA
chrX	97432595	97438245	165	185	102	86	0|0	0.937200714	NA
chrX	97438115	97438150	165	128	77	66	0|0	0.937200714	NA
chrX	97438115	97438150	165	128	77	66	0|0	0.937200714	NA
chrX	102230611	102487662	311	129	182	155	0|0	0.937200714	NA
chrX	102298605	102487662	295	96	160	131	0|0	0.937200714	NA
chrX	102348484	102487662	128	94	64	75	0|0	0.937200714	NA
chrX	103141944	103141975	37	28	13	21	0|0	0.937200714	NA
chrX	106278311	106318513	157	184	132	138	0|0	0.937200714	NA
chrX	119664842	119665066	32	33	14	18	0|0	0.937200714	NA
chrX	120038273	120086551	52	68	46	59	0|0	0.937200714	NA
chrX	135040953	135040978	27	45	19	19	0|0	0.937200714	NA
chrX	135718926	135876820	276	110	162	150	0|0	0.937200714	NA
chrX	139694402	139694424	37	52	18	17	0|0	0.937200714	NA
chrX	141002114	141113893	158	162	145	98	0|0	0.937200714	NA
chrX	141026635	141071891	131	32	62	49	0|0	0.937200714	NA
chrX	141485645	141515650	34	60	63	48	0|0	0.937200714	NA
chrX	141502697	141600129	263	109	173	182	0|0	0.937200714	NA
chrX	141518990	141600129	238	83	131	148	0|0	0.937200714	NA
chrX	143691850	143691873	28	29	21	14	0|0	0.937200714	NA
chrX	149572773	149603547	43	63	34	38	0|0	0.937200714	NA
chrX	153066906	153083628	47	38	30	24	0|0	0.937200714	NA
chrX	153106512	153143483	56	52	45	51	0|0	0.937200714	NA
chrX	153252052	153280119	94	94	48	75	0|0	0.937200714	NA
chrX	156007961	156040895	164	225	90	98	0|0	0.937200714	NA
chrX	156030442	156040895	87	59	27	18	0|0	0.937200714	NA
chr1	21281060	21282800	0	0	0	0	0|0	0.937200714	NA
chr1	21282586	21282790	0	0	0	0	0|0	0.937200714	NA
chr1	122223460	122285890	0	0	0	0	0|0	0.937200714	NA
chr1	122409521	122413389	0	0	0	0	0|0	0.937200714	NA
chr1	122438980	122461428	0	0	0	0	0|0	0.937200714	NA
chr1	122503608	122723534	0	0	0	0	0|0	0.937200714	NA
chr1	122503608	123680274	0	0	0	0	0|0	0.937200714	NA
chr1	122503608	124785186	0	0	0	0	0|0	0.937200714	NA
chr1	122723912	122724895	0	0	0	0	0|0	0.937200714	NA
chr1	122726969	123368016	0	0	0	0	0|0	0.937200714	NA
chr1	123067475	123069127	0	0	0	0	0|0	0.937200714	NA
chr1	123368211	123369953	0	0	0	0	0|0	0.937200714	NA
chr1	123369979	123551854	0	0	0	0	0|0	0.937200714	NA
chr1	123475506	123480080	0	0	0	0	0|0	0.937200714	NA
chr1	123553846	124295775	0	0	0	0	0|0	0.937200714	NA
chr1	123675992	123682258	0	0	0	0	0|0	0.937200714	NA
chr1	123684589	124785186	0	0	0	0	0|0	0.937200714	NA
chr1	124297869	124785186	0	0	0	0	0|0	0.937200714	NA
chr1	124780545	124802303	0	0	0	0	0|0	0.937200714	NA
chr1	124780545	124803381	0	0	0	0	0|0	0.937200714	NA
chr1	124785547	124932578	0	0	0	0	0|0	0.937200714	NA
chr1	124785547	124932578	0	0	0	0	0|0	0.937200714	NA
chr1	124785547	124932578	0	0	0	0	0|0	0.937200714	NA
chr1	124894595	124901053	0	0	0	0	0|0	0.937200714	NA
chr1	125178746	143232545	0	0	0	0	0|0	0.937200714	NA
chr1	125178746	143243359	0	0	0	0	0|0	0.937200714	NA
chr1	143208736	143242003	0	0	0	0	0|0	0.937200714	NA
chr1	143238795	143242003	0	0	0	0	0|0	0.937200714	NA
chr1	143242914	143254950	0	0	0	0	0|0	0.937200714	NA
chr1	143242914	143260917	0	0	0	0	0|0	0.937200714	NA
chr1	143243614	143260421	0	0	0	0	0|0	0.937200714	NA
chr1	143255136	143263876	0	0	0	0	0|0	0.937200714	NA
chr10	5535538	5535585	0	0	0	0	0|0	0.937200714	NA
chr10	39939669	39998992	0	0	0	0	0|0	0.937200714	NA
chr10	39939669	40129986	0	0	0	0	0|0	0.937200714	NA
chr10	39983537	39987834	0	0	0	0	0|0	0.937200714	NA
chr10	40131389	40214514	0	0	0	0	0|0	0.937200714	NA
chr10	40131389	40553173	0	0	0	0	0|0	0.937200714	NA
chr10	40303291	40329434	0	0	0	0	0|0	0.937200714	NA
chr10	40333998	40396212	0	0	0	0	0|0	0.937200714	NA
chr10	40406576	40447007	0	0	0	0	0|0	0.937200714	NA
chr10	40888835	40908692	0	0	0	0	0|0	0.937200714	NA
chr10	40890127	40908692	0	0	0	0	0|0	0.937200714	NA
chr10	40909888	40946333	0	0	0	0	0|0	0.937200714	NA
chr10	40909888	40946333	0	0	0	0	0|0	0.937200714	NA
chr10	40949073	41311459	0	0	0	0	0|0	0.937200714	NA
chr10	40949073	41312076	0	0	0	0	0|0	0.937200714	NA
chr10	41311474	41331902	0	0	0	0	0|0	0.937200714	NA
chr10	114138041	114138084	0	0	0	0	0|0	0.937200714	NA
chr10	114138041	114138084	0	0	0	0	0|0	0.937200714	NA
chr10	114138041	114138084	0	0	0	0	0|0	0.937200714	NA
chr11	3991952	3991993	0	0	0	0	0|0	0.937200714	NA
chr11	52363134	52477160	0	0	0	0	0|0	0.937200714	NA
chr11	94233961	94239016	0	0	0	0	0|0	0.937200714	NA
chr12	34836137	37181333	0	0	0	0	0|0	0.937200714	NA
chr12	36056117	36066512	0	0	0	0	0|0	0.937200714	NA
chr12	36354255	36532124	0	0	0	0	0|0	0.937200714	NA
chr13	17543951	17555814	0	0	0	0	0|0	0.937200714	NA
chr13	17919485	17922452	0	0	0	0	0|0	0.937200714	NA
chr13	30390467	30390606	0	0	0	0	0|0	0.937200714	NA
chr13	51745731	51745772	0	0	0	0	0|0	0.937200714	NA
chr13	51745731	51745772	0	0	0	0	0|0	0.937200714	NA
chr15	17506240	19707723	0	0	0	0	0|0	0.937200714	NA
chr15	17506240	19707723	0	0	0	0	0|0	0.937200714	NA
chr15	17563674	19707723	0	0	0	0	0|0	0.937200714	NA
chr15	35036311	35036344	0	0	0	0	0|0	0.937200714	NA
chr15	35036473	35038850	0	0	0	0	0|0	0.937200714	NA
chr15	45881681	45883656	0	0	0	0	0|0	0.937200714	NA
chr15	45883426	45883459	0	0	0	0	0|0	0.937200714	NA
chr15	45883426	45883459	0	0	0	0	0|0	0.937200714	NA
chr15	83152609	83152710	0	0	0	0	0|0	0.937200714	NA
chr16	34096298	34099696	0	0	0	0	0|0	0.937200714	NA
chr16	34571512	34596269	0	0	0	0	0|0	0.937200714	NA
chr16	34571512	34596269	0	0	0	0	0|0	0.937200714	NA
chr16	34571512	34596269	0	0	0	0	0|0	0.937200714	NA
chr16	46382540	46401666	0	0	0	0	0|0	0.937200714	NA
chr16	85132464	85132493	0	0	0	0	0|0	0.937200714	NA
chr16	85132464	85132493	0	0	0	0	0|0	0.937200714	NA
chr17	26880956	26885949	0	0	0	0	0|0	0.937200714	NA
chr17	26936063	26940956	0	0	0	0	0|0	0.937200714	NA
chr17	73210490	73210515	0	0	0	0	0|0	0.937200714	NA
chr17	73210490	73210515	0	0	0	0	0|0	0.937200714	NA
chr17	73210749	73211864	0	0	0	0	0|0	0.937200714	NA
chr17	82757375	82758408	0	0	0	0	0|0	0.937200714	NA
chr17	82758385	82758406	0	0	0	0	0|0	0.937200714	NA
chr18	18769786	18793142	0	0	0	0	0|0	0.937200714	NA
chr18	21060838	21060865	0	0	0	0	0|0	0.937200714	NA
chr18	21061072	21069653	0	0	0	0	0|0	0.937200714	NA
chr2	93532823	93538449	0	0	0	0	0|0	0.937200714	NA
chr2	170416524	170416547	0	0	0	0	0|0	0.937200714	NA
chr2	202162928	202162953	0	0	0	0	0|0	0.937200714	NA
chr2	202162928	202162953	0	0	0	0	0|0	0.937200714	NA
chr20	26436325	26475530	0	0	0	0	0|0	0.937200714	NA
chr20	26436325	26509641	0	0	0	0	0|0	0.937200714	NA
chr20	26436325	26585862	0	0	0	0	0|0	0.937200714	NA
chr20	26476426	26495470	0	0	0	0	0|0	0.937200714	NA
chr20	26495934	26585862	0	0	0	0	0|0	0.937200714	NA
chr20	26511309	26578683	0	0	0	0	0|0	0.937200714	NA
chr20	26578903	26585862	0	0	0	0	0|0	0.937200714	NA
chr20	26855971	26998000	0	0	0	0	0|0	0.937200714	NA
chr20	26998172	27018396	0	0	0	0	0|0	0.937200714	NA
chr3	47815725	47815755	0	0	0	0	0|0	0.937200714	NA
chr3	90774949	90792852	0	0	0	0	0|0	0.937200714	NA
chr3	90774949	91236197	0	0	0	0	0|0	0.937200714	NA
chr3	90774949	91236197	0	0	0	0	0|0	0.937200714	NA
chr3	90793529	90875140	0	0	0	0	0|0	0.937200714	NA
chr3	90875563	90919631	0	0	0	0	0|0	0.937200714	NA
chr3	90920461	91236197	0	0	0	0	0|0	0.937200714	NA
chr3	91556104	93470787	0	0	0	0	0|0	0.937200714	NA
chr3	91556104	93470787	0	0	0	0	0|0	0.937200714	NA
chr3	93485315	93651352	0	0	0	0	0|0	0.937200714	NA
chr3	93487675	93651352	0	0	0	0	0|0	0.937200714	NA
chr4	49708912	49711941	0	0	0	0	0|0	0.937200714	NA
chr4	49708912	49711941	0	0	0	0	0|0	0.937200714	NA
chr4	49708912	49711941	0	0	0	0	0|0	0.937200714	NA
chr4	70956514	70957291	0	0	0	0	0|0	0.937200714	NA
chr4	70957288	70957361	0	0	0	0	0|0	0.937200714	NA
chr4	93178070	93178156	0	0	0	0	0|0	0.937200714	NA
chr5	46488459	46566222	0	0	0	0	0|0	0.937200714	NA
chr5	46488459	46566222	0	0	0	0	0|0	0.937200714	NA
chr5	46689392	47032633	0	0	0	0	0|0	0.937200714	NA
chr5	46783746	47060436	0	0	0	0	0|0	0.937200714	NA
chr5	46801302	47032633	0	0	0	0	0|0	0.937200714	NA
chr5	47033264	47060436	0	0	0	0	0|0	0.937200714	NA
chr5	47033264	47060436	0	0	0	0	0|0	0.937200714	NA
chr5	47107438	47149434	0	0	0	0	0|0	0.937200714	NA
chr5	47107438	47150277	0	0	0	0	0|0	0.937200714	NA
chr5	47107438	47150277	0	0	0	0	0|0	0.937200714	NA
chr5	138592987	138593008	0	0	0	0	0|0	0.937200714	NA
chr5	156487790	156487917	0	0	0	0	0|0	0.937200714	NA
chr6	138039187	138039344	0	0	0	0	0|0	0.937200714	NA
chr6	161185140	161185168	0	0	0	0	0|0	0.937200714	NA
chr7	2642539	2642566	0	0	0	0	0|0	0.937200714	NA
chr7	3213224	3213259	0	0	0	0	0|0	0.937200714	NA
chr7	3213224	3213259	0	0	0	0	0|0	0.937200714	NA
chr7	61378460	61527427	0	0	0	0	0|0	0.937200714	NA
chr7	61379099	61527427	0	0	0	0	0|0	0.937200714	NA
chr7	139670578	139670635	0	0	0	0	0|0	0.937200714	NA
chr8	10617393	10617434	0	0	0	0	0|0	0.937200714	NA
chr8	20503672	20503713	0	0	0	0	0|0	0.937200714	NA
chr8	20503839	20506159	0	0	0	0	0|0	0.937200714	NA
chr8	134653263	134653304	0	0	0	0	0|0	0.937200714	NA
chrX	53731463	53731498	0	0	0	0	0|0	0.937200714	NA
chrX	58608002	62381502	0	0	0	0	0|0	0.937200714	NA
chrX	58608002	62381502	0	0	0	0	0|0	0.937200714	NA
chrX	58608002	62381502	0	0	0	0	0|0	0.937200714	NA
chrX	75113474	75115310	0	0	0	0	0|0	0.937200714	NA
chrX	75115263	75115308	0	0	0	0	0|0	0.937200714	NA
chrX	75115263	75115308	0	0	0	0	0|0	0.937200714	NA
chr11	19630924	19630964	19	11	17	14	0|0	0.937200713999999	NA
chr15	40691372	40691400	20	12	10	15	0|0	0.937200713999999	NA
chr16	7232849	7232875	21	11	12	11	0|0	0.937200713999999	NA
chr17	44243661	44243693	20	11	14	15	0|0	0.937200713999999	NA
chr18	45883014	45883097	20	19	10	16	0|0	0.937200713999999	NA
chr2	214992449	214992487	21	11	15	11	0|0	0.937200713999999	NA
chr5	164130497	164130552	19	11	14	12	0|0	0.937200713999999	NA
chr6	156977086	156977109	20	11	25	17	0|0	0.937200713999999	NA
chrX	49137267	49137539	20	20	10	9	0|0	0.937200713999999	NA
chr16	78314334	78314432	16	24	23	11	0|0	0.937200713999999	NA
chr17	37362975	37362999	28	12	16	23	0|0	0.937200713999999	NA
chr19	8010693	8011111	22	11	18	16	0|0	0.937200713999999	NA
chr3	49478125	49478324	28	12	20	16	0|0	0.937200713999999	NA
chr8	124106342	124106369	22	11	13	17	0|0	0.937200713999999	NA
chr15	41595361	41595383	20	15	9	11	0|0	0.937200713999998	NA
chr19	33083157	33083267	21	17	11	9	0|0	0.937200713999998	NA
chr1	180584049	180584077	28	21	18	10	0|0	0.937200713999997	NA
chrX	106175042	106175068	19	20	10	18	0|0	0.937200713999997	NA
chr1	24732682	24733811	30	28	12	9	0|0	0.937200713999996	NA
chrX	88980406	88980436	23	18	9	12	0|0	0.937200713999996	NA
chr16	11483704	11483732	17	10	10	16	0|0	0.937200713999995	NA
chr1	13098626	13279719	400	98	253	207	0|0	0.937200713999994	NA
chr1	16566707	16675522	614	273	509	429	0|0	0.937200713999994	NA
chr1	16571954	16675522	594	247	495	411	0|0	0.937200713999994	NA
chr10	46449682	46728677	477	905	1180	1235	0|0	0.937200713999994	NA
chr14	19382708	19394012	270	71	46	197	0|0	0.937200713999994	NA
chr15	1	17083881	830	1408	997	1051	0|0	0.937200713999994	NA
chr15	1	17504164	830	1408	997	1051	0|0	0.937200713999994	NA
chr15	20823734	22403031	2435	2744	1611	2751	0|0	0.937200713999994	NA
chr15	21122547	21191336	333	65	196	97	0|0	0.937200713999994	NA
chr15	84198217	84512245	683	132	342	329	0|0	0.937200713999994	NA
chr16	75205355	75227071	239	53	123	94	0|0	0.937200713999994	NA
chr2	97194838	97512234	639	866	820	382	0|0	0.937200713999994	NA
chr2	97229750	97508747	460	431	529	195	0|0	0.937200713999994	NA
chr2	240671054	240702974	141	297	260	96	0|0	0.937200713999994	NA
chr20	28896468	28924541	441	89	227	213	0|0	0.937200713999994	NA
chr20	28924671	30424945	7673	9420	6792	8403	0|0	0.937200713999994	NA
chr21	5375634	6377082	317	82	323	262	0|0	0.937200713999994	NA
chr21	6365766	10798911	8286	10822	13591	12746	0|0	0.937200713999994	NA
chr22	1	11976016	5012	3283	4451	4435	0|0	0.937200713999994	NA
chr4	49091264	49658067	1947	2491	2770	2068	0|0	0.937200713999994	NA
chr4	49091264	49658067	1947	2491	2770	2068	0|0	0.937200713999994	NA
chr4	49092640	49658067	1947	2491	2770	2068	0|0	0.937200713999994	NA
chr5	47153442	50059114	763	242	365	272	0|0	0.937200713999994	NA
chr5	47153442	50059114	763	242	365	272	0|0	0.937200713999994	NA
chr5	47210294	50036598	763	242	365	272	0|0	0.937200713999994	NA
chr5	175507132	175507991	22	14	11	25	0|0	0.937200713999994	NA
chr5	175915386	176049005	438	1167	674	694	0|0	0.937200713999994	NA
chr5	179626712	179658570	306	68	137	148	0|0	0.937200713999994	NA
chr7	62373250	62456708	888	784	646	1554	0|0	0.937200713999994	NA
chr7	62373250	62456708	888	784	646	1554	0|0	0.937200713999994	NA
chr7	62391068	62456708	779	753	507	1432	0|0	0.937200713999994	NA
chr7	63365713	63581101	415	1070	779	959	0|0	0.937200713999994	NA
chr7	143706094	143873522	507	304	210	823	0|0	0.937200713999994	NA
chr7	144200987	144292914	491	248	598	340	0|0	0.937200713999994	NA
chr7	144200987	144292914	491	248	598	340	0|0	0.937200713999994	NA
chr8	8010175	8045109	188	40	130	58	0|0	0.937200713999994	NA
chr8	8010175	8046006	194	47	134	65	0|0	0.937200713999994	NA
chr8	8067768	8140569	296	58	139	147	0|0	0.937200713999994	NA
chr8	12116287	12226276	513	873	445	940	0|0	0.937200713999994	NA
chr8	12419693	12609030	949	1753	1181	1313	0|0	0.937200713999994	NA
chr8	85644407	85811577	432	803	629	482	0|0	0.937200713999994	NA
chr9	39602580	40636856	921	1279	979	1388	0|0	0.937200713999994	NA
chr9	39824551	40041141	141	217	58	305	0|0	0.937200713999994	NA
chr9	42281283	42327751	238	119	306	103	0|0	0.937200713999994	NA
chr9	61818043	62283158	542	185	512	402	0|0	0.937200713999994	NA
chr9	61818043	62308368	547	188	518	405	0|0	0.937200713999994	NA
chr9	61832576	62273740	537	181	502	398	0|0	0.937200713999994	NA
chr9	62469154	62717495	98	225	320	105	0|0	0.937200713999994	NA
chr9	62882014	62936961	110	174	62	320	0|0	0.937200713999994	NA
chr9	65646029	66825675	1165	1988	2118	1362	0|0	0.937200713999994	NA
chr9	65654856	65789115	265	198	427	102	0|0	0.937200713999994	NA
chr9	65826025	66351220	513	968	991	662	0|0	0.937200713999994	NA
chr9	123972970	123992932	124	234	326	64	0|0	0.937200713999994	NA
chrX	55444021	55521060	76	366	71	307	0|0	0.937200713999994	NA
chrX	152689075	152770755	336	157	298	121	0|0	0.937200713999994	NA
chrX	152699796	152770755	331	148	293	114	0|0	0.937200713999994	NA
chrX	152700597	152770755	328	143	291	107	0|0	0.937200713999994	NA
chr1	248487695	248528859	154	32	83	81	0|0	0.937200713999987	NA
chr5	137864127	137864153	25	11	28	14	0|0	0.937200713999987	NA
chr14	19394041	19955896	2631	5506	3176	3001	0|0	0.937200713999967	NA
chr15	19780221	20763524	4415	9003	5789	5872	0|0	0.937200713999967	NA
chr15	19780221	20764051	4421	9011	5791	5873	0|0	0.937200713999967	NA
chr15	21258760	22403031	987	2232	735	1962	0|0	0.937200713999967	NA
chr2	89259247	91517115	4086	8335	5314	5275	0|0	0.937200713999967	NA
chr2	91520989	92016426	2622	4881	1980	3921	0|0	0.937200713999967	NA
chr7	65803387	65803611	21	12	8	9	0|0	0.937200713999967	NA
chr9	65646029	67415225	1376	3728	3091	2367	0|0	0.937200713999967	NA
chr11	83360786	83360812	13	9	8	9	0|0	0.937200713999952	NA
chr1	113758233	113758255	27	11	34	21	0|0	0.93720071399995	NA
chrX	70977177	70977215	26	22	16	9	0|0	0.93720071399994	NA
chr1	94981463	94981487	20	12	10	8	0|0	0.937200713999934	NA
chr2	28730911	28730940	22	10	15	19	0|0	0.937200713999892	NA
chr2	163046099	163046121	22	14	9	17	0|0	0.937200713999882	NA
chr5	173494301	173494333	27	16	17	9	0|0	0.937200713999882	NA
chrX	65539537	65539557	24	15	9	17	0|0	0.937200713999882	NA
chr7	77670602	77670635	15	9	16	9	0|0	0.937200713999881	NA
chr16	21398224	22699568	8597	9679	10566	2014	0|0	0.93720071399986	NA
chr21	1	5218803	305	56	135	288	0|0	0.93720071399986	NA
chr4	69273535	69274149	20	22	12	8	0|0	0.937200713999742	NA
chr5	154953366	154953397	24	10	11	10	0|0	0.937200713999576	NA
chr8	24628823	24628856	15	12	8	7	0|0	0.937200713998872	NA
chrX	15826770	15826791	19	15	7	7	0|0	0.937200713998872	NA
chr16	18528312	22699568	9783	55664	26625	18229	0|0	0.937200713998582	NA
chr14	70123075	70123095	19	24	21	9	0|0	0.937200713998171	NA
chr11	122753137	122753156	20	9	22	15	0|0	0.937200713998157	NA
chr11	47831844	47831876	20	9	12	11	0|0	0.937200713998157	NA
chr2	95431187	95467261	100	22	37	32	0|0	0.937200713997943	NA
chr2	95431187	95467261	100	22	37	32	0|0	0.937200713997943	NA
chrX	9200952	9200976	23	14	9	7	0|0	0.937200713997779	NA
chr1	222605225	222605249	21	12	22	9	0|0	0.937200713996368	NA
chr1	54844264	54844601	21	9	33	14	0|0	0.937200713996341	NA
chr14	62800928	62801400	21	9	8	12	0|0	0.937200713996083	NA
chr11	22329871	22329893	20	11	7	10	0|0	0.937200713995589	NA
chr8	12227092	12315375	132	27	36	110	0|0	0.937200713994999	NA
chr9	62438952	62469630	55	39	22	103	0|0	0.937200713991943	NA
chr16	83447051	83447086	17	14	7	11	0|0	0.937200713991246	NA
chrX	44589471	44589493	19	19	7	11	0|0	0.937200713991246	NA
chrX	109921544	109921751	21	28	11	7	0|0	0.937200713991246	NA
chr3	76812344	76812706	23	9	26	20	0|0	0.937200713985578	NA
chr1	214436790	214436815	22	14	12	7	0|0	0.937200713982621	NA
chr2	135103006	135103026	24	9	9	13	0|0	0.937200713971361	NA
chr2	40842912	40842945	18	8	24	22	0|0	0.937200713968454	NA
chrX	46479430	46479454	31	20	13	7	0|0	0.937200713965499	NA
chr7	23638725	23638886	25	9	18	21	0|0	0.937200713943162	NA
chr8	7477319	7616775	130	26	23	93	0|0	0.937200713914476	NA
chr2	137487377	137487410	13	9	6	9	0|0	0.937200713850176	NA
chr3	141889733	141889757	15	7	8	10	0|0	0.937200713728006	NA
chr1	241416247	241416278	20	19	17	7	0|0	0.937200713464178	NA
chr1	156030367	156030390	23	20	7	18	0|0	0.9372007129363	NA
chr5	21478820	21480531	18	8	7	18	0|0	0.937200712904753	NA
chr17	29400392	29400418	25	8	14	16	0|0	0.937200710167035	NA
chr8	13412933	13413189	15	6	5	10	0|0	0.937200675606248	NA
chrX	152101966	152101995	31	18	11	5	0|0	0.937200674186192	NA
chr17	18030322	18030543	20	16	6	18	0|0	0.937200642266926	NA
chr7	102347013	102355028	49	11	49	16	0|0	0.937200538617576	NA
chr2	130078028	130097022	34	10	14	5	0|0	0.937200402118253	NA
chr21	40033644	40038007	20	6	27	21	0|0	0.937200148613757	NA
chr16	18625613	18632331	8	7	11	4	0|0	0.937198029068622	NA
chr5	16997842	16997872	23	6	17	15	0|0	0.9371962907907	NA
chr13	104805723	104805784	19	6	3	8	0|0	0.937177285592063	NA
chrX	146103153	146103175	19	17	9	3	0|0	0.937154771237149	NA
chr8	28729294	28729625	17	4	4	10	0|0	0.936870807997372	NA
chr17	44696665	44696691	5	2	5	5	0|0	0.936801879342781	NA
chr5	115813049	115813075	19	11	14	3	0|0	0.93578631303358	NA
chr11	1	169593	20	115	85	10	1|0	0.934992539216835	NA
chr6	106721246	106723684	28	5	12	6	0|0	0.928093425333605	NA
chr2	95466157	95467261	6	11	1	6	0|0	0.91123252926899	NA
chr2	89032525	89052239	116	52	15	100	0|1	0.876496381604109	NA
chr7	62151539	62291761	1222	198	948	971	1|1	0.800068590731567	NA
chr9	62438952	62468824	52	31	15	99	0|1	0.781796875656906	NA
chr12	34772264	34817902	19	0	1	12	1|1	0.68193262725874	NA
chr7	143787518	143799533	122	6	21	139	1|1	0.667580020972428	NA
chr9	60738731	60748896	48	0	3	55	1|1	0.666666666678056	NA
chr2	110095280	110333475	1518	71	168	1090	1|1	0.66666666666667	NA
chr20	29894435	30274372	1015	128	849	71	1|1	0.66666666666667	NA
chr2	110069852	110237745	1282	48	25	1018	1|1	0.666666666666665	NA
chr20	29894435	29934434	109	15	127	7	1|1	0.666658303634304	NA
chr8	12079065	12116215	36	4	1	35	1|1	0.666317132333878	NA
chr18	12144854	12147025	40	6	28	23	0|0	0.606564634006757	NA
chr8	7588482	7616007	40	6	9	27	0|0	0.606564633654445	NA
chr1	121969416	122503455	1	0	1	9	0|0	0.577138867378424	NA
chr1	121969416	122503455	1	0	1	9	0|0	0.577138867378424	NA
chr1	121969416	122503455	1	0	1	9	0|0	0.577138867378424	NA
chr1	25272475	25324793	22	3	9	17	0|0	0.542004459963073	NA
chr9	39729436	39786076	19	76	15	97	0|0	0.495638536371185	NA
chr5	139830000	139830033	3	0	0	1	0|0	0.487473218271032	NA
chr1	15831406	17017376	1835	15579	8684	8629	0|0	1	NA
chr1	124933111	143202222	271	3692	2999	2698	0|0	1	NA
chr10	45874665	46561529	542	5198	5251	4888	0|0	1	NA
chr11	18920337	18950835	5	264	207	52	0|0	1	NA
chr12	59537424	59556938	3	259	266	92	0|0	1	NA
chr13	51734188	51745770	0	99	45	42	0|0	1	NA
chr13	51745783	51760469	0	125	73	58	0|0	1	NA
chr15	45872879	45883656	0	159	43	47	0|0	1	NA
chr15	45883682	45896520	0	107	34	39	0|0	1	NA
chr16	34060446	34084469	15	264	112	123	0|0	1	NA
chr16	34060446	34084705	15	264	112	123	0|0	1	NA
chr17	21969086	22123929	102	972	538	556	0|0	1	NA
chr18	1	112327	49	938	425	423	0|0	1	NA
chr18	21051546	21060866	2	149	69	32	0|0	1	NA
chr19	38739571	38753553	4	198	86	89	0|0	1	NA
chr20	31104515	31245042	191	1379	764	733	0|0	1	NA
chr20	31105989	31241303	189	1361	761	719	0|0	1	NA
chr21	1	20016767	10927	79203	63259	61826	0|0	1	NA
chr22	44111717	44117019	1	137	106	30	0|0	1	NA
chr4	93178378	93186330	2	80	41	45	0|0	1	NA
chr6	32634547	32668193	1	235	91	289	0|0	1	NA
chr7	2636202	2642566	5	111	45	46	0|0	1	NA
chr3	44844810	44847714	0	46	12	36	0|0	0.999999999999975	NA
chr4	93166505	93178249	0	36	25	15	0|0	0.999999999999362	NA
chr6	138027071	138039343	2	48	45	34	0|0	0.999999999999226	NA
chrX	115841534	115890767	1	189	22	103	0|0	0.999999999998856	NA
chr1	121834579	121844905	0	71	21	97	0|0	0.999999999998735	NA
chr9	91411595	91416427	1	50	11	39	0|0	0.999999999986869	NA
chrX	92274285	92276943	0	63	10	34	0|0	0.999999999971283	NA
chr3	194100396	194102873	4	55	15	40	0|0	0.99999999997104	NA
chr21	44095882	44207988	7	233	41	226	0|0	0.999999999913015	NA
chr20	29340199	29491554	213	1335	234	1242	0|0	0.999999999668489	NA
chr4	144694400	144699137	1	54	50	12	0|0	0.999999999632635	NA
chr1	169106840	169115219	2	34	22	31	0|0	0.999999988577524	NA
chr10	39562520	39580707	2	90	123	22	0|0	0.999998964088125	NA
chr8	7915829	7951545	17	117	39	102	0|0	0.999994057224343	NA
chr20	26308951	26314541	2	51	32	6	0|0	0.999850658012293	NA
chr13	112280699	112309196	6	434	317	50	0|0	0.983595437813871	NA
chr10	39563677	39580707	2	79	115	17	0|0	0.983569365117897	NA
chr8	7916652	7937807	10	78	11	82	0|0	0.983526667081487	NA
chr9	21190576	21211087	1	171	18	130	0|0	0.983524280281713	NA
chr11	4946470	4955190	1	51	52	5	0|0	0.983524205572469	NA
chr21	13789925	13799384	0	28	3	40	0|0	0.983524200064103	NA
chr4	4116121	4151510	26	366	52	344	0|0	0.983524178977804	NA
chr16	85404222	85409345	0	60	37	2	0|0	0.983524178837677	NA
chr4	9264761	9368629	1	184	156	21	0|0	0.983524176591258	NA
chr4	9264761	9368629	1	184	156	21	0|0	0.983524176591258	NA
chr20	45743736	45760589	2	97	105	12	0|0	0.983524176043898	NA
chr22	15952793	16021697	2	141	137	17	0|0	0.983524176025739	NA
chr1	61648176	61653472	0	38	1	43	0|0	0.983524176013388	NA
chr2	90154538	90167982	8	102	11	110	0|0	0.983524176013034	NA
chr1	72295775	72346447	6	356	314	27	0|0	0.98352417601302	NA
chr13	52486382	52557600	32	265	26	240	0|0	0.98352417601302	NA
chr13	112286407	112309196	5	353	277	29	0|0	0.98352417601302	NA
chr14	106715115	106765350	5	272	177	19	0|0	0.98352417601302	NA
chr15	23359072	23425700	18	471	412	23	0|0	0.98352417601302	NA
chr15	23365531	23425109	14	445	383	19	0|0	0.98352417601302	NA
chr17	19595700	19639796	2	326	331	32	0|0	0.98352417601302	NA
chr20	29517568	29587308	49	631	23	572	0|0	0.98352417601302	NA
chr3	90663630	90785177	8	350	31	313	0|0	0.98352417601302	NA
chr4	34773320	34827903	3	330	340	35	0|0	0.98352417601302	NA
chr5	180944669	181004792	6	496	30	410	0|0	0.98352417601302	NA
chr9	42601892	42727699	4	287	334	40	0|0	0.98352417601302	NA
chr4	145998070	146005717	0	82	2	61	0|0	0.983524176013017	NA
chr10	39584278	39930405	0	86	1	192	0|0	0.983524176013017	NA
chr10	39590694	39930405	0	85	1	191	0|0	0.983524176013017	NA
chr6	78811100	78820971	0	78	1	105	0|0	0.983524176013017	NA
chr7	100730006	100742680	1	72	0	56	0|0	0.983524176013017	NA
chr1	72301135	72346307	6	306	290	6	0|0	0.983524176013017	NA
chr1	152582766	152614527	1	226	11	284	0|0	0.983524176013017	NA
chr1	152582766	152615058	1	226	11	286	0|0	0.983524176013017	NA
chr1	152582766	152617092	2	242	17	295	0|0	0.983524176013017	NA
chr10	41389490	41712086	1	92	156	15	0|0	0.983524176013017	NA
chr11	18920337	18942192	4	186	165	7	0|0	0.983524176013017	NA
chr11	113841781	113860077	2	122	145	4	0|0	0.983524176013017	NA
chr12	11351886	11391678	3	266	405	8	0|0	0.983524176013017	NA
chr12	11353160	11391678	3	265	404	8	0|0	0.983524176013017	NA
chr12	59542059	59552767	3	96	142	2	0|0	0.983524176013017	NA
chr14	106070903	106116114	1	169	7	133	0|0	0.983524176013017	NA
chr16	5074876	5094089	7	191	3	126	0|0	0.983524176013017	NA
chr16	5074876	5094089	7	191	3	126	0|0	0.983524176013017	NA
chr16	19934447	19955866	2	232	150	1	0|0	0.983524176013017	NA
chr19	54829132	54846707	0	138	2	110	0|0	0.983524176013017	NA
chr21	44095882	44184484	0	178	11	197	0|0	0.983524176013017	NA
chr21	44105788	44184484	0	176	10	192	0|0	0.983524176013017	NA
chr3	90668447	90777279	7	305	9	289	0|0	0.983524176013017	NA
chr3	162794474	162907529	1	540	8	589	0|0	0.983524176013017	NA
chr3	162794474	162907654	1	541	8	589	0|0	0.983524176013017	NA
chr3	162794474	162908342	1	541	8	591	0|0	0.983524176013017	NA
chr4	10209941	10232268	3	326	12	346	0|0	0.983524176013017	NA
chr4	63823920	63851118	2	160	10	129	0|0	0.983524176013017	NA
chr5	45004795	45013600	2	72	58	0	0|0	0.983524176013017	NA
chr6	76727544	76747761	1	123	143	6	0|0	0.983524176013017	NA
chr6	78257806	78326754	1	356	387	12	0|0	0.983524176013017	NA
chr6	78257806	78326754	1	356	387	12	0|0	0.983524176013017	NA
chr6	78258243	78326754	1	356	384	12	0|0	0.983524176013017	NA
chr7	109796486	109813828	1	115	0	160	0|0	0.983524176013017	NA
chr7	109796486	109813828	1	115	0	160	0|0	0.983524176013017	NA
chr4	10391581	10400445	1	53	49	0	0|0	0.983524176013016	NA
chr1	198335646	198341235	0	46	0	63	0|0	0.983524176013016	NA
chr6	73882607	73892736	1	52	59	1	0|0	0.983524176013016	NA
chr2	242007216	242193529	62	1023	45	880	0|0	0.983524176013006	NA
chr2	242009239	242193529	62	1019	45	875	0|0	0.983524176013006	NA
chr13	97877795	97881116	0	39	45	0	0|0	0.983524176012862	NA
chr19	36349748	36356240	0	37	40	0	0|0	0.983524176012475	NA
chr10	125710599	125718434	2	41	68	4	0|0	0.983524175831148	NA
chr8	62122956	62127550	2	40	0	42	0|0	0.983524175651983	NA
chr1	229677338	229684785	2	39	40	0	0|0	0.983524175296342	NA
chr1	2689816	2702087	2	35	32	0	0|0	0.983524164900443	NA
chr10	39558772	39562501	1	28	6	73	0|0	0.983524155957952	NA
chr10	49794805	49802626	3	32	7	57	0|0	0.983522663087679	NA
chr12	14060903	14063907	1	19	41	1	0|0	0.98351457259344	NA
chr12	9406706	9408962	2	22	1	35	0|0	0.983441401020042	NA
chr13	1	17417791	0	2	0	2	0|0	0.98061016069615	NA
chr13	1	17427401	0	2	0	2	0|0	0.98061016069615	NA
chr13	1	17874252	0	2	0	2	0|0	0.98061016069615	NA
