chr	start	end	CC_counts_W	CC_counts_C	WC_counts_W	WC_counts_C	genotype	probability	low_read_density
chr1	145031699	145051605	5	20	3	49	0|1	0.953781933934371	NA
chr1	148283307	148302983	217	171	484	73	1|0	1	NA
chr1	148922196	149283898	1220	1531	3559	416	1|0	1	NA
chr1	227499038	227502202	57	60	137	0	1|0	1	NA
chr10	37105061	37113518	85	70	9	166	0|1	1	NA
chr10	46488220	47766229	13259	14621	2209	26675	0|1	1	NA
chr11	48888658	48892199	25	15	1	30	0|1	0.999998305571655	NA
chr13	63728987	63760804	312	242	26	526	0|1	1	NA
chr14	60606807	60611813	66	65	150	0	1|0	1	NA
chr15	84243510	84420824	592	651	1079	24	1|0	1	NA
chr15	85189648	85204352	32	74	3	82	0|1	1	NA
chr17	18605263	18835011	1659	1782	3755	123	1|0	1	NA
chr17	60024996	60126491	906	821	94	1904	0|1	1	NA
chr2	95428113	95466225	78	79	26	161	0|1	0.998317327015824	NA
chr2	95610391	95645471	82	84	21	145	0|1	0.999999598235877	NA
chr2	95794114	96032353	1877	1971	122	3743	0|1	1	NA
chr2	110079987	110264620	1550	1614	3237	34	1|0	1	NA
chr22	21147071	21261104	163	361	450	62	1|0	1	NA
chr5	64470536	64477929	93	82	170	14	1|0	1	NA
chr6	130527075	130530925	58	61	0	127	0|1	1	NA
chr7	54222128	54321385	625	626	1345	23	1|0	1	NA
chr7	70956121	70973623	191	302	544	9	1|0	1	NA
chr8	2247262	2343225	24	40	9	89	0|1	0.999999999866382	low read density: check for inaccurate inversion coordinates
chr8	7942645	8012256	39	174	39	350	0|1	0.999999999999716	NA
chr8	12116250	12191110	146	352	762	130	1|0	0.999999877739704	NA
chr9	38547464	38556152	26	129	181	8	1|0	0.999927657849203	NA
chr9	42632195	42661479	71	67	4	206	0|1	1	NA
chr9	62423471	62486004	84	66	17	206	0|1	1	NA
chr9	64459338	64561708	355	130	85	563	0|1	1	NA
chr9	66351084	66594481	42	66	13	109	0|1	0.999999999223675	low read density: check for inaccurate inversion coordinates
chr9	123977187	123991074	205	203	12	554	0|1	1	NA
chr1	13104253	13247514	551	11	318	342	1|1	1	NA
chr1	26641359	26646847	70	1	36	53	1|1	1	NA
chr1	108285210	108468457	1095	150	676	697	1|1	1	NA
chr1	120322124	120677445	2407	144	1512	1567	1|1	1	NA
chr1	146166165	148899804	31414	1237	24696	22354	1|1	1	NA
chr1	149823055	149855508	154	7	87	120	1|1	1	NA
chr10	91443345	91446258	44	3	22	34	1|1	0.999999869175672	NA
chr11	311293	318420	268	20	137	146	1|1	1	NA
chr11	1894416	1915682	549	8	307	265	1|1	1	NA
chr11	49714976	49728267	175	2	77	80	1|1	1	NA
chr11	62095678	62100676	43	1	25	20	1|1	0.999999999883307	NA
chr12	17770302	17859673	1213	15	615	586	1|1	1	NA
chr12	34816752	34819997	59	0	42	19	1|1	1	NA
chr12	71546196	71547440	48	0	21	19	1|1	0.999999999999918	NA
chr12	86846317	86859242	100	1	50	44	1|1	1	NA
chr13	17863396	18357550	4578	177	1993	2037	1|1	1	NA
chr15	21185790	21514853	526	77	326	184	1|1	1	NA
chr15	23226235	23330093	296	34	127	148	1|1	1	NA
chr16	1232608	1248628	394	33	212	201	1|1	1	NA
chr16	14815740	15327066	5500	557	3425	2919	1|1	1	NA
chr16	21583157	22462882	14795	407	8113	7680	1|1	1	NA
chr16	34599821	38277590	31044	740	17227	17049	1|1	1	NA
chr16	75205375	75223395	479	8	267	283	1|1	1	NA
chr17	30621779	30625908	115	7	64	79	1|1	1	NA
chr17	38124300	38173668	27	2	24	15	1|1	0.999696437530107	low read density: check for inaccurate inversion coordinates
chr17	43233329	43322796	434	12	228	336	1|1	1	NA
chr18	12144997	12146903	91	9	55	62	1|1	0.999999999983242	NA
chr18	20561596	20838657	501	5	387	249	1|1	1	NA
chr19	38773265	38789228	387	6	198	180	1|1	1	NA
chr2	91800410	92016426	3391	264	1902	1925	1|1	1	NA
chr2	138247483	138250534	60	0	38	19	1|1	1	NA
chr2	240680777	240692275	418	53	254	206	1|1	1	NA
chr20	28496194	28558178	84	7	55	25	1|1	0.999999999999101	NA
chr20	29889999	30424907	6322	495	2479	2393	1|1	1	NA
chr21	1	5154798	444	14	209	301	1|1	1	low read density: check for inaccurate inversion coordinates
chr21	26001982	26002252	21	0	10	7	1|1	0.999991782764704	NA
chr21	40024035	40038148	304	18	179	158	1|1	1	NA
chr22	18615221	18641629	211	8	64	117	1|1	1	NA
chr22	21438729	21523765	1214	148	648	599	1|1	1	NA
chr22	23937673	23960911	17	0	12	17	1|1	0.999874037631041	low read density: check for inaccurate inversion coordinates
chr3	187416752	187424678	56	3	41	36	1|1	0.999999999963697	NA
chr3	195652372	195996876	9554	556	6108	6779	1|1	1	NA
chr4	40233407	40235380	31	0	12	9	1|1	0.999999991071325	NA
chr4	87926126	87937516	151	2	76	70	1|1	1	NA
chr5	49618282	49646092	46	4	35	27	1|1	0.999998426320074	NA
chr5	179634372	179655065	540	27	274	280	1|1	1	NA
chr5	181098994	181101453	128	15	85	58	1|1	0.999999999998025	NA
chr7	62031824	62383723	3311	429	2252	2073	1|1	1	NA
chr8	8035568	12116220	51901	1654	50355	48570	1|1	1	NA
chr9	41770308	42145041	695	120	782	415	1|1	0.999919334985344	NA
chr9	60518558	60848137	955	15	509	758	1|1	1	NA
chr9	61228226	61467788	240	11	96	194	1|1	1	NA
chr9	61845726	61928869	290	31	284	151	1|1	1	NA
chr9	63409844	64456845	6580	872	4911	5567	1|1	1	NA
chrX	51685751	51703184	274	5	0	0	1	1	NA
chrX	52904078	52935729	342	17	0	0	1	1	NA
chrX	63181080	63193538	210	24	0	0	1	1	NA
chrX	102338218	102354381	291	1	0	0	1	1	NA
chrX	106278226	106298493	149	1	0	0	1	1	NA
chrX	115726277	115729764	153	1	0	0	1	1	NA
chrX	135147368	135225206	1366	18	0	0	1	1	NA
chrX	149578223	149597276	63	10	0	0	1	0.952117796262127	NA
chrX	153115514	153280237	2831	305	0	0	1	1	NA
chrX	154346833	154385015	2148	80	0	0	1	1	NA
chrX	154558378	154613801	929	32	0	0	1	1	NA
chrY	6240762	9910296	70431	1083	0	0	1	1	NA
chrY	14019675	14049366	75	12	0	0	1	0.969928611169626	NA
chrY	15876622	15904760	168	20	0	0	1	1	NA
chrY	16269426	16322813	763	7	0	0	1	1	NA
chrY	20062841	20085126	606	8	0	0	1	1	NA
chrY	21021417	21051483	727	9	0	0	1	1	NA
chrY	21750315	21757865	125	1	0	0	1	1	NA
chrY	23463146	23542365	43	4	0	0	1	0.999996083312725	low read density: check for inaccurate inversion coordinates
chr5	47154090	49614545	13	66	49	33	0|0	0.930771839834087	NA
chr2	202568958	202572002	14	67	38	43	0|0	0.92997065445554	NA
chr5	49647134	50044248	9	35	15	22	0|0	0.92993779561965	NA
chr5	46801200	47107308	38	194	117	158	0|0	0.929935203876671	NA
chr5	46810043	47107308	38	194	117	158	0|0	0.929935203876671	NA
chr7	129659072	129660363	11	41	25	42	0|0	0.929935167109427	NA
chr11	83360713	83360812	7	13	18	19	0|0	0.929935095807126	NA
chr2	32075312	32075501	11	21	13	18	0|0	0.929935094000086	NA
chr1	16586833	16961411	3881	4700	5671	3817	0|0	0.929935094000011	NA
chr1	120325999	121377096	2593	4887	3932	4972	0|0	0.929935094000011	NA
chr1	146166165	146380333	586	158	574	504	0|0	0.929935094000011	NA
chr1	146223815	146380569	531	103	476	406	0|0	0.929935094000011	NA
chr1	148672818	149317010	1397	1789	3868	764	0|0	0.929935094000011	NA
chr1	148672818	149317010	1397	1789	3868	764	0|0	0.929935094000011	NA
chr1	148906003	149821715	1333	4806	5648	2261	0|0	0.929935094000011	NA
chr10	133687468	133797422	167	635	277	457	0|0	0.929935094000011	NA
chr10	133687468	133797422	167	635	277	457	0|0	0.929935094000011	NA
chr10	133689230	133797422	167	635	277	457	0|0	0.929935094000011	NA
chr14	1	18674523	1139	5906	3428	3170	0|0	0.929935094000011	NA
chr14	1	18674523	1139	5906	3428	3170	0|0	0.929935094000011	NA
chr14	1	19394022	4891	9875	7458	6137	0|0	0.929935094000011	NA
chr15	1	17495127	263	850	409	557	0|0	0.929935094000011	NA
chr15	1	17504152	263	850	409	557	0|0	0.929935094000011	NA
chr15	1	17504152	263	850	409	557	0|0	0.929935094000011	NA
chr15	19780173	21181418	8612	9278	8717	5873	0|0	0.929935094000011	NA
chr15	19780173	21539688	9178	9385	9091	6060	0|0	0.929935094000011	NA
chr15	19780173	22303780	11545	10226	10896	6745	0|0	0.929935094000011	NA
chr15	21515390	22303780	2404	871	1849	688	0|0	0.929935094000011	NA
chr15	21743245	23226170	2558	11511	6146	5068	0|0	0.929935094000011	NA
chr15	84165497	84505799	1008	1122	1464	360	0|0	0.929935094000011	NA
chr15	84165497	84517060	1021	1164	1480	378	0|0	0.929935094000011	NA
chr16	14806745	14931503	1330	364	1059	699	0|0	0.929935094000011	NA
chr16	14806745	15031130	1481	424	1218	718	0|0	0.929935094000011	NA
chr16	14806745	15031130	1481	424	1218	718	0|0	0.929935094000011	NA
chr16	18341817	18401518	291	128	83	363	0|0	0.929935094000011	NA
chr16	21511334	23525631	19005	23460	22317	22329	0|0	0.929935094000011	NA
chr2	89032506	91800728	7184	20202	13854	14284	0|0	0.929935094000011	NA
chr2	89049767	91800728	7063	19982	13635	14166	0|0	0.929935094000011	NA
chr2	89265376	91799037	6991	17071	12260	12484	0|0	0.929935094000011	NA
chr2	95431184	96096317	2219	10110	4158	8188	0|0	0.929935094000011	NA
chr2	97245351	97404953	787	229	523	501	0|0	0.929935094000011	NA
chr2	97266327	97439221	810	231	531	513	0|0	0.929935094000011	NA
chr20	28557468	28639613	1265	321	523	537	0|0	0.929935094000011	NA
chr20	28557468	29203201	7016	1748	3296	3120	0|0	0.929935094000011	NA
chr20	28557468	29889165	8604	17573	9830	9749	0|0	0.929935094000011	NA
chr20	28640093	28783171	835	193	369	359	0|0	0.929935094000011	NA
chr20	28783353	29203624	4915	1233	2404	2224	0|0	0.929935094000011	NA
chr20	31105932	31241229	516	2761	1218	1197	0|0	0.929935094000011	NA
chr21	1	13369188	13981	20176	17006	16834	0|0	0.929935094000011	NA
chr21	5154819	5392970	613	1613	1071	1094	0|0	0.929935094000011	NA
chr21	5154819	5392970	613	1613	1071	1094	0|0	0.929935094000011	NA
chr21	6029440	6377226	626	192	434	415	0|0	0.929935094000011	NA
chr21	6029440	6377226	626	192	434	415	0|0	0.929935094000011	NA
chr21	7206301	10270091	7252	11980	9608	9249	0|0	0.929935094000011	NA
chr21	7206301	10373992	7402	12099	9724	9383	0|0	0.929935094000011	NA
chr22	11547355	11698731	2715	1163	1648	1745	0|0	0.929935094000011	NA
chr22	11718760	12437542	6445	2400	4132	3823	0|0	0.929935094000011	NA
chr22	12559110	12799515	926	1906	1288	1210	0|0	0.929935094000011	NA
chr22	21120404	21438556	537	1074	928	505	0|0	0.929935094000011	NA
chr22	21128002	21329189	300	475	567	146	0|0	0.929935094000011	NA
chr3	195722414	196668747	8880	13228	13919	14420	0|0	0.929935094000011	NA
chr4	49091233	49658099	3331	4837	5101	3867	0|0	0.929935094000011	NA
chr4	49091233	49658099	3331	4837	5101	3867	0|0	0.929935094000011	NA
chr4	49091233	49711875	3331	4837	5101	3867	0|0	0.929935094000011	NA
chr7	65534414	65820855	650	2629	2038	1997	0|0	0.929935094000011	NA
chr8	2244504	2472337	142	252	573	133	0|0	0.929935094000011	NA
chr8	8035568	8230334	1095	438	1011	1780	0|0	0.929935094000011	NA
chr8	12397919	12606516	717	1276	2473	1391	0|0	0.929935094000011	NA
chr9	38925655	41768443	11557	10367	10988	17722	0|0	0.929935094000011	NA
chr9	39480099	41771050	10677	7293	8382	15408	0|0	0.929935094000011	NA
chr9	39654444	41767820	10310	6456	7670	14669	0|0	0.929935094000011	NA
chr9	41743890	41811345	459	225	746	155	0|0	0.929935094000011	NA
chr9	42145055	42661461	2844	4023	5079	4323	0|0	0.929935094000011	NA
chr9	42145055	45514612	3103	11488	10274	9542	0|0	0.929935094000011	NA
chr9	42163435	45514612	3098	11484	10271	9542	0|0	0.929935094000011	NA
chr9	63409844	65285967	7735	1887	5466	7993	0|0	0.929935094000011	NA
chr9	64342880	65285967	1368	1302	797	2948	0|0	0.929935094000011	NA
chr9	65891887	66874863	792	3054	2396	2139	0|0	0.929935094000011	NA
chr9	65891887	67824268	1687	6606	5273	4549	0|0	0.929935094000011	NA
chr9	67375868	67762882	725	1516	1482	1226	0|0	0.929935094000011	NA
chrX	155042161	156040895	4577	19253	0	0	0	0.929935094000011	NA
chrX	155044143	156040895	4522	19188	0	0	0	0.929935094000011	NA
chr1	1	700849	1365	1536	1585	1488	0|0	0.929935094000001	NA
chr1	1	700849	1365	1536	1585	1488	0|0	0.929935094000001	NA
chr1	23755923	23757838	58	131	96	128	0|0	0.929935094000001	NA
chr1	120190396	120319721	86	186	173	118	0|0	0.929935094000001	NA
chr1	144729966	144883432	54	18	51	77	0|0	0.929935094000001	NA
chr1	248635418	248659226	148	264	159	213	0|0	0.929935094000001	NA
chr1	248929454	248956422	112	214	153	126	0|0	0.929935094000001	NA
chr10	125850128	125850163	58	110	97	72	0|0	0.929935094000001	NA
chr10	125850128	125850163	58	110	97	72	0|0	0.929935094000001	NA
chr11	4263202	4292474	199	149	119	204	0|0	0.929935094000001	NA
chr11	89938765	90025724	96	101	62	163	0|0	0.929935094000001	NA
chr14	18890480	19069544	946	723	788	653	0|0	0.929935094000001	NA
chr15	41325877	41329103	72	142	81	80	0|0	0.929935094000001	NA
chr16	22462752	22699207	2554	2233	2414	2623	0|0	0.929935094000001	NA
chr16	22463162	22699207	2554	2231	2412	2623	0|0	0.929935094000001	NA
chr17	3057378	3070302	82	32	43	90	0|0	0.929935094000001	NA
chr17	3057378	3070619	84	33	49	94	0|0	0.929935094000001	NA
chr17	3230288	3253221	156	204	117	208	0|0	0.929935094000001	NA
chr17	5329019	5331057	14	31	48	36	0|0	0.929935094000001	NA
chr17	37895923	38100322	190	135	98	201	0|0	0.929935094000001	NA
chr17	37895923	38173668	217	137	122	216	0|0	0.929935094000001	NA
chr18	12141089	12150130	95	37	81	82	0|0	0.929935094000001	NA
chr18	80258765	80373285	39	91	77	81	0|0	0.929935094000001	NA
chr19	50081098	50085585	55	124	100	92	0|0	0.929935094000001	NA
chr2	130484507	130651369	522	658	542	604	0|0	0.929935094000001	NA
chr2	160389790	160390522	114	183	136	159	0|0	0.929935094000001	NA
chr20	32399215	32411069	98	191	111	116	0|0	0.929935094000001	NA
chr20	47893785	47898810	246	238	212	102	0|0	0.929935094000001	NA
chr22	1	11377992	4218	3848	3674	3741	0|0	0.929935094000001	NA
chr22	1	11377992	4218	3848	3674	3741	0|0	0.929935094000001	NA
chr22	1	11377992	4218	3848	3674	3741	0|0	0.929935094000001	NA
chr22	11547355	15704562	11619	11811	10652	10177	0|0	0.929935094000001	NA
chr22	11547355	15707781	11718	11885	10718	10251	0|0	0.929935094000001	NA
chr22	18340058	18515045	108	73	58	118	0|0	0.929935094000001	NA
chr22	18738910	18885902	123	235	136	137	0|0	0.929935094000001	NA
chr22	21365499	21438556	200	327	207	210	0|0	0.929935094000001	NA
chr3	49080968	49087844	52	109	86	90	0|0	0.929935094000001	NA
chr3	101912780	101918916	58	119	83	91	0|0	0.929935094000001	NA
chr5	1	17596	97	208	166	150	0|0	0.929935094000001	NA
chr5	17520113	17594621	145	247	183	139	0|0	0.929935094000001	NA
chr5	70261084	70462959	109	38	52	69	0|0	0.929935094000001	NA
chr5	180633836	180636389	42	104	72	76	0|0	0.929935094000001	NA
chr6	32526284	32526307	86	138	106	151	0|0	0.929935094000001	NA
chr6	82831444	82836508	70	171	144	113	0|0	0.929935094000001	NA
chr6	113678471	113680008	21	64	42	27	0|0	0.929935094000001	NA
chr7	65787997	65823000	477	601	670	691	0|0	0.929935094000001	NA
chr7	85440932	85444726	13	24	39	23	0|0	0.929935094000001	NA
chr7	101965850	101965880	278	239	200	300	0|0	0.929935094000001	NA
chr7	121022462	121026686	161	286	242	197	0|0	0.929935094000001	NA
chr7	131075786	131078072	126	153	106	171	0|0	0.929935094000001	NA
chr7	138612502	138617615	258	397	362	329	0|0	0.929935094000001	NA
chr7	143526996	143719214	128	215	201	203	0|0	0.929935094000001	NA
chr7	143526996	143719214	128	215	201	203	0|0	0.929935094000001	NA
chr7	143744625	143866538	294	407	382	409	0|0	0.929935094000001	NA
chr7	143744625	143866538	294	407	382	409	0|0	0.929935094000001	NA
chr8	12202730	12233421	43	71	146	81	0|0	0.929935094000001	NA
chr8	73897911	73905690	42	103	54	67	0|0	0.929935094000001	NA
chr8	84615338	84625509	108	232	134	134	0|0	0.929935094000001	NA
chr8	85647756	85774214	228	338	238	179	0|0	0.929935094000001	NA
chr9	19282557	19282582	115	112	181	105	0|0	0.929935094000001	NA
chr9	19282675	19287048	115	141	190	112	0|0	0.929935094000001	NA
chr9	62687690	62742781	185	113	172	185	0|0	0.929935094000001	NA
chrX	21993390	21995582	42	118	0	0	0	0.929935094000001	NA
chrX	97438117	97445345	126	232	0	0	0	0.929935094000001	NA
chrX	137830617	137836623	44	124	0	0	0	0.929935094000001	NA
chrY	15876627	15909182	169	67	0	0	0	0.929935094000001	NA
chrY	17559426	18621465	357	216	0	0	0	0.929935094000001	NA
chrY	17579238	18621465	352	207	0	0	0	0.929935094000001	NA
chrY	17609332	18478622	286	173	0	0	0	0.929935094000001	NA
chrY	25299035	26036725	312	197	0	0	0	0.929935094000001	NA
chr1	8385893	8385997	32	21	28	39	0|0	0.929935094	NA
chr1	11036512	11036555	24	18	26	26	0|0	0.929935094	NA
chr1	19346453	19346486	21	16	18	17	0|0	0.929935094	NA
chr1	19368486	19368522	30	30	33	33	0|0	0.929935094	NA
chr1	28753370	28753398	22	13	21	24	0|0	0.929935094	NA
chr1	29619476	29619497	28	30	29	29	0|0	0.929935094	NA
chr1	31186055	31186081	49	39	45	35	0|0	0.929935094	NA
chr1	32105216	32105437	42	55	55	48	0|0	0.929935094	NA
chr1	40591814	40591838	29	17	27	23	0|0	0.929935094	NA
chr1	46704476	46704499	32	35	32	31	0|0	0.929935094	NA
chr1	53224718	53224821	28	34	22	33	0|0	0.929935094	NA
chr1	54042671	54044363	22	22	26	15	0|0	0.929935094	NA
chr1	63283753	63284207	31	29	31	42	0|0	0.929935094	NA
chr1	85051740	85051757	25	28	27	22	0|0	0.929935094	NA
chr1	93542443	93542473	44	36	42	43	0|0	0.929935094	NA
chr1	93749588	93749608	30	25	27	30	0|0	0.929935094	NA
chr1	99620292	99620389	38	36	44	55	0|0	0.929935094	NA
chr1	105013527	105013557	27	21	25	21	0|0	0.929935094	NA
chr1	109226365	109226680	37	32	37	35	0|0	0.929935094	NA
chr1	113079211	113079689	43	37	41	43	0|0	0.929935094	NA
chr1	146166165	146194951	56	54	96	95	0|0	0.929935094	NA
chr1	150177204	150177325	21	21	27	29	0|0	0.929935094	NA
chr1	154390108	154390128	39	52	52	51	0|0	0.929935094	NA
chr1	155735586	155735605	25	18	34	31	0|0	0.929935094	NA
chr1	155735831	155736580	25	22	36	34	0|0	0.929935094	NA
chr1	171459394	171459417	26	14	27	28	0|0	0.929935094	NA
chr1	173936517	173936541	30	39	40	49	0|0	0.929935094	NA
chr1	179237828	179237854	34	25	28	17	0|0	0.929935094	NA
chr1	206182182	206191636	134	146	151	145	0|0	0.929935094	NA
chr1	206191298	206191632	134	124	142	132	0|0	0.929935094	NA
chr1	206191298	206191632	134	124	142	132	0|0	0.929935094	NA
chr1	206191300	206191636	134	124	142	132	0|0	0.929935094	NA
chr1	231100944	231101101	34	39	38	33	0|0	0.929935094	NA
chr1	235413215	235413682	22	32	34	28	0|0	0.929935094	NA
chr1	236273811	236273833	23	33	31	33	0|0	0.929935094	NA
chr1	248541471	248575873	89	87	89	95	0|0	0.929935094	NA
chr1	248945384	248956422	101	93	88	79	0|0	0.929935094	NA
chr10	11058071	11058091	33	35	33	36	0|0	0.929935094	NA
chr10	28711752	28711772	29	32	29	22	0|0	0.929935094	NA
chr10	35312384	35312416	19	23	20	26	0|0	0.929935094	NA
chr10	53891687	53891822	28	24	41	38	0|0	0.929935094	NA
chr10	61652169	61652194	33	34	25	37	0|0	0.929935094	NA
chr10	96763681	96763704	21	18	23	18	0|0	0.929935094	NA
chr10	99773623	99773653	38	40	44	29	0|0	0.929935094	NA
chr10	101522349	101522401	37	36	49	32	0|0	0.929935094	NA
chr10	102079079	102079109	54	49	55	64	0|0	0.929935094	NA
chr10	103974616	103974641	37	41	50	40	0|0	0.929935094	NA
chr10	114231780	114232328	34	39	34	41	0|0	0.929935094	NA
chr10	114231947	114232327	34	36	33	41	0|0	0.929935094	NA
chr10	120128780	120128815	40	44	36	26	0|0	0.929935094	NA
chr10	124416858	124416886	23	23	21	14	0|0	0.929935094	NA
chr10	125546828	125546851	32	27	33	32	0|0	0.929935094	NA
chr11	318112	319449	14	16	27	22	0|0	0.929935094	NA
chr11	27267620	27267831	21	20	21	20	0|0	0.929935094	NA
chr11	27461339	27461364	37	31	55	42	0|0	0.929935094	NA
chr11	46306440	46306527	57	52	65	73	0|0	0.929935094	NA
chr11	62086646	62100570	43	45	60	61	0|0	0.929935094	NA
chr11	74477696	74477722	18	22	20	17	0|0	0.929935094	NA
chr11	83720295	83720334	43	38	50	50	0|0	0.929935094	NA
chr11	91945613	91945635	19	26	19	29	0|0	0.929935094	NA
chr11	97182125	97182144	29	25	31	39	0|0	0.929935094	NA
chr11	98917063	98917370	24	27	30	21	0|0	0.929935094	NA
chr11	100733826	100733856	70	79	65	64	0|0	0.929935094	NA
chr11	107570774	107570801	76	71	81	85	0|0	0.929935094	NA
chr11	109875121	109875155	23	19	28	26	0|0	0.929935094	NA
chr11	116587660	116587690	34	31	31	25	0|0	0.929935094	NA
chr11	117206821	117210170	55	57	51	67	0|0	0.929935094	NA
chr11	124614168	124614202	20	24	31	27	0|0	0.929935094	NA
chr11	125414742	125414764	55	61	52	60	0|0	0.929935094	NA
chr12	5528625	5528652	52	41	49	37	0|0	0.929935094	NA
chr12	8571439	8571460	19	17	16	23	0|0	0.929935094	NA
chr12	12180103	12180124	74	69	57	68	0|0	0.929935094	NA
chr12	17706988	17707015	36	34	41	37	0|0	0.929935094	NA
chr12	20709897	20709936	29	25	40	38	0|0	0.929935094	NA
chr12	22588028	22588294	65	69	77	81	0|0	0.929935094	NA
chr12	23031875	23032166	38	31	34	43	0|0	0.929935094	NA
chr12	24814414	24814439	23	30	28	24	0|0	0.929935094	NA
chr12	26985341	26985659	58	56	60	52	0|0	0.929935094	NA
chr12	31395944	31395971	28	31	25	25	0|0	0.929935094	NA
chr12	31409426	31409446	21	26	28	27	0|0	0.929935094	NA
chr12	31920210	31920341	21	22	21	19	0|0	0.929935094	NA
chr12	47003296	47003473	31	31	31	40	0|0	0.929935094	NA
chr12	48736415	48736439	22	16	18	22	0|0	0.929935094	NA
chr12	49529314	49529338	40	28	46	49	0|0	0.929935094	NA
chr12	50161778	50161805	18	21	29	26	0|0	0.929935094	NA
chr12	50923014	50923272	30	38	37	26	0|0	0.929935094	NA
chr12	51305625	51305647	21	23	29	20	0|0	0.929935094	NA
chr12	52283396	52283425	20	17	14	15	0|0	0.929935094	NA
chr12	55774559	55774598	59	45	64	74	0|0	0.929935094	NA
chr12	57775108	57775136	32	26	30	22	0|0	0.929935094	NA
chr12	68883935	68884134	25	21	22	28	0|0	0.929935094	NA
chr12	71543013	71547392	49	51	39	38	0|0	0.929935094	NA
chr12	89373687	89373710	102	88	101	106	0|0	0.929935094	NA
chr12	89373687	89373710	102	88	101	106	0|0	0.929935094	NA
chr12	93847494	93847519	63	53	54	63	0|0	0.929935094	NA
chr12	98619874	98619902	66	67	56	68	0|0	0.929935094	NA
chr12	98647254	98647277	77	67	85	75	0|0	0.929935094	NA
chr12	98647254	98647277	77	67	85	75	0|0	0.929935094	NA
chr12	110113465	110113482	38	47	43	37	0|0	0.929935094	NA
chr12	111903597	111903932	21	21	26	23	0|0	0.929935094	NA
chr12	116976377	116976404	27	33	28	30	0|0	0.929935094	NA
chr12	117164095	117164126	31	30	25	30	0|0	0.929935094	NA
chr12	120856280	120856307	28	30	21	27	0|0	0.929935094	NA
chr13	40514887	40514913	36	35	20	34	0|0	0.929935094	NA
chr13	41959414	41959521	25	30	32	47	0|0	0.929935094	NA
chr13	45272418	45272550	37	38	40	26	0|0	0.929935094	NA
chr13	45272503	45274090	37	44	47	34	0|0	0.929935094	NA
chr13	52639268	52639719	24	24	35	28	0|0	0.929935094	NA
chr13	66112793	66113128	20	17	23	15	0|0	0.929935094	NA
chr13	92206044	92206067	59	49	57	62	0|0	0.929935094	NA
chr13	94934408	94934442	63	52	50	60	0|0	0.929935094	NA
chr13	104407171	104407366	22	24	19	15	0|0	0.929935094	NA
chr13	104805321	104805780	19	20	13	21	0|0	0.929935094	NA
chr14	21144186	21144208	37	37	48	37	0|0	0.929935094	NA
chr14	31214354	31214387	46	34	38	33	0|0	0.929935094	NA
chr14	39146471	39146576	87	78	82	69	0|0	0.929935094	NA
chr14	53066960	53066979	37	45	35	39	0|0	0.929935094	NA
chr14	54048709	54048739	25	25	28	26	0|0	0.929935094	NA
chr14	73534377	73534394	75	67	73	89	0|0	0.929935094	NA
chr14	76797664	76798973	29	38	42	39	0|0	0.929935094	NA
chr14	76798948	76798972	29	27	31	38	0|0	0.929935094	NA
chr14	76991898	76991918	20	20	24	19	0|0	0.929935094	NA
chr14	83513916	83514111	25	28	26	19	0|0	0.929935094	NA
chr14	99927754	99928233	43	54	60	64	0|0	0.929935094	NA
chr14	102433004	102433022	25	16	29	24	0|0	0.929935094	NA
chr15	23137453	23218223	96	86	91	88	0|0	0.929935094	NA
chr15	23137453	23226170	100	98	96	93	0|0	0.929935094	NA
chr15	34716603	34716627	25	16	17	17	0|0	0.929935094	NA
chr15	35024496	35024533	31	26	22	16	0|0	0.929935094	NA
chr15	39574830	39574863	33	31	19	19	0|0	0.929935094	NA
chr15	41206475	41206504	26	23	18	12	0|0	0.929935094	NA
chr15	44824729	44829115	39	35	27	41	0|0	0.929935094	NA
chr15	48923546	48923575	45	41	20	14	0|0	0.929935094	NA
chr15	49151401	49151421	46	32	25	32	0|0	0.929935094	NA
chr15	50766506	50766529	21	17	18	14	0|0	0.929935094	NA
chr15	55978924	55978948	38	24	22	28	0|0	0.929935094	NA
chr15	56461661	56461687	51	50	50	39	0|0	0.929935094	NA
chr15	57240806	57240908	22	27	24	26	0|0	0.929935094	NA
chr15	59449784	59449819	26	19	18	14	0|0	0.929935094	NA
chr15	63696925	63696964	27	19	18	12	0|0	0.929935094	NA
chr15	72224867	72224887	76	68	56	66	0|0	0.929935094	NA
chr15	72224867	72224887	76	68	56	66	0|0	0.929935094	NA
chr15	72648755	72649353	21	24	17	25	0|0	0.929935094	NA
chr15	72687935	72688080	30	20	17	16	0|0	0.929935094	NA
chr15	81163180	81163218	81	83	61	59	0|0	0.929935094	NA
chr15	81163180	81163218	81	83	61	59	0|0	0.929935094	NA
chr15	84754702	84754729	24	37	31	26	0|0	0.929935094	NA
chr15	85040371	85040394	22	17	19	13	0|0	0.929935094	NA
chr15	93345852	93346220	80	75	66	72	0|0	0.929935094	NA
chr15	99297183	99304253	48	63	41	33	0|0	0.929935094	NA
chr16	3913527	3913556	21	32	31	23	0|0	0.929935094	NA
chr16	5570841	5570860	23	19	24	20	0|0	0.929935094	NA
chr16	12425529	12425552	23	27	14	18	0|0	0.929935094	NA
chr16	14127644	14127667	85	73	83	75	0|0	0.929935094	NA
chr16	23526003	23526021	24	26	21	22	0|0	0.929935094	NA
chr16	23812441	23812467	28	15	18	16	0|0	0.929935094	NA
chr16	24432617	24432708	25	29	30	27	0|0	0.929935094	NA
chr16	30486987	30487166	32	41	25	25	0|0	0.929935094	NA
chr16	31820691	31820861	23	29	17	28	0|0	0.929935094	NA
chr16	67575990	67576168	31	25	33	32	0|0	0.929935094	NA
chr16	68716217	68716651	26	25	29	34	0|0	0.929935094	NA
chr16	68866631	68868165	25	32	29	28	0|0	0.929935094	NA
chr16	68984040	68984059	39	34	32	24	0|0	0.929935094	NA
chr16	69541188	69541216	24	19	22	23	0|0	0.929935094	NA
chr16	71780493	71780518	45	59	46	37	0|0	0.929935094	NA
chr16	78033415	78033435	57	57	39	49	0|0	0.929935094	NA
chr16	78033415	78033435	57	57	39	49	0|0	0.929935094	NA
chr16	79541478	79541499	78	73	71	88	0|0	0.929935094	NA
chr16	79541478	79541499	78	73	71	88	0|0	0.929935094	NA
chr16	81262838	81262865	21	27	20	34	0|0	0.929935094	NA
chr16	81805501	81805528	37	35	20	20	0|0	0.929935094	NA
chr16	82929656	82930003	24	26	25	25	0|0	0.929935094	NA
chr17	30268884	30268903	25	34	30	30	0|0	0.929935094	NA
chr17	39413907	39414243	20	18	15	17	0|0	0.929935094	NA
chr17	44243665	44243692	39	42	41	56	0|0	0.929935094	NA
chr17	49126491	49126520	26	21	25	27	0|0	0.929935094	NA
chr17	64018335	64018363	38	33	47	32	0|0	0.929935094	NA
chr17	69274572	69274613	32	47	38	32	0|0	0.929935094	NA
chr17	72227213	72228231	33	35	50	41	0|0	0.929935094	NA
chr17	78755483	78756628	56	45	41	41	0|0	0.929935094	NA
chr18	2232779	2232806	27	20	34	31	0|0	0.929935094	NA
chr18	27955368	27955440	40	42	38	54	0|0	0.929935094	NA
chr18	43452516	43452572	120	108	146	139	0|0	0.929935094	NA
chr18	59658881	59659283	21	15	20	20	0|0	0.929935094	NA
chr18	66700093	66700115	29	16	15	15	0|0	0.929935094	NA
chr19	5609053	5609085	38	39	48	46	0|0	0.929935094	NA
chr19	16609938	16609970	54	66	76	69	0|0	0.929935094	NA
chr19	19030347	19031561	23	32	27	31	0|0	0.929935094	NA
chr19	44606947	44606973	78	75	75	89	0|0	0.929935094	NA
chr19	46557038	46557166	25	38	25	26	0|0	0.929935094	NA
chr19	46665187	46665207	32	38	45	33	0|0	0.929935094	NA
chr19	47123513	47123543	21	21	15	18	0|0	0.929935094	NA
chr19	48622260	48622286	25	22	21	26	0|0	0.929935094	NA
chr19	48652762	48652800	23	29	29	27	0|0	0.929935094	NA
chr19	49483723	49484039	30	26	24	31	0|0	0.929935094	NA
chr19	51051203	51051326	22	31	20	22	0|0	0.929935094	NA
chr2	8914490	8914511	20	16	15	17	0|0	0.929935094	NA
chr2	16974634	16975546	83	75	89	102	0|0	0.929935094	NA
chr2	37121264	37121291	51	50	61	48	0|0	0.929935094	NA
chr2	42449465	42449486	37	36	30	41	0|0	0.929935094	NA
chr2	47335444	47335624	34	30	19	26	0|0	0.929935094	NA
chr2	47383305	47383332	29	23	17	18	0|0	0.929935094	NA
chr2	51239915	51239941	81	92	93	85	0|0	0.929935094	NA
chr2	62488492	62488512	89	72	91	90	0|0	0.929935094	NA
chr2	62488783	62490006	89	80	90	102	0|0	0.929935094	NA
chr2	65572674	65572697	21	18	19	13	0|0	0.929935094	NA
chr2	68304227	68304245	41	28	28	36	0|0	0.929935094	NA
chr2	85348632	85348661	35	37	49	48	0|0	0.929935094	NA
chr2	85489038	85489063	40	47	39	38	0|0	0.929935094	NA
chr2	97411750	97508871	99	95	90	99	0|0	0.929935094	NA
chr2	98448048	98448385	22	16	18	15	0|0	0.929935094	NA
chr2	99695933	99695998	40	54	51	54	0|0	0.929935094	NA
chr2	108538243	108540106	47	53	55	47	0|0	0.929935094	NA
chr2	128059910	128059933	41	39	37	34	0|0	0.929935094	NA
chr2	135220699	135220721	62	60	61	62	0|0	0.929935094	NA
chr2	151442299	151442414	24	35	24	27	0|0	0.929935094	NA
chr2	171817602	171820755	25	33	42	43	0|0	0.929935094	NA
chr2	171977174	171977482	23	23	27	19	0|0	0.929935094	NA
chr2	173809605	173809629	34	29	28	24	0|0	0.929935094	NA
chr2	179236318	179236353	25	16	13	14	0|0	0.929935094	NA
chr2	201087063	201089836	22	30	22	21	0|0	0.929935094	NA
chr2	205140456	205140475	53	38	47	53	0|0	0.929935094	NA
chr2	211414349	211414527	25	30	24	19	0|0	0.929935094	NA
chr2	215371608	215371628	23	27	22	19	0|0	0.929935094	NA
chr2	215943840	215943868	25	28	18	22	0|0	0.929935094	NA
chr2	220823414	220823856	18	15	14	13	0|0	0.929935094	NA
chr2	229258863	229258887	27	40	30	35	0|0	0.929935094	NA
chr2	239423530	239423556	25	21	23	17	0|0	0.929935094	NA
chr20	748248	748272	24	34	25	22	0|0	0.929935094	NA
chr20	2599295	2599325	55	41	29	30	0|0	0.929935094	NA
chr20	3089285	3089316	31	29	19	17	0|0	0.929935094	NA
chr20	9760578	9760602	29	29	21	24	0|0	0.929935094	NA
chr20	10392274	10392321	35	29	21	16	0|0	0.929935094	NA
chr20	32712273	32712637	23	24	14	20	0|0	0.929935094	NA
chr20	33513817	33513845	23	15	13	16	0|0	0.929935094	NA
chr20	34467524	34467543	20	15	11	12	0|0	0.929935094	NA
chr20	35519034	35519613	28	31	14	15	0|0	0.929935094	NA
chr20	35887803	35887836	43	47	28	30	0|0	0.929935094	NA
chr20	41504079	41504116	47	31	23	21	0|0	0.929935094	NA
chr20	45991495	45991640	23	29	17	17	0|0	0.929935094	NA
chr20	47594666	47594705	32	45	27	24	0|0	0.929935094	NA
chr20	53291987	53292016	22	28	21	18	0|0	0.929935094	NA
chr20	54644707	54644733	32	36	26	21	0|0	0.929935094	NA
chr20	54645928	54645967	33	31	17	21	0|0	0.929935094	NA
chr20	54718681	54719063	21	19	17	21	0|0	0.929935094	NA
chr20	55083246	55083537	50	66	43	49	0|0	0.929935094	NA
chr21	36391465	36391489	31	25	26	24	0|0	0.929935094	NA
chr21	36448352	36448372	29	29	27	23	0|0	0.929935094	NA
chr21	38444727	38444749	23	30	31	41	0|0	0.929935094	NA
chr22	18584401	18615199	102	108	110	116	0|0	0.929935094	NA
chr22	21565761	21565793	21	20	12	13	0|0	0.929935094	NA
chr22	21603528	21603554	35	23	29	29	0|0	0.929935094	NA
chr22	24899023	24899054	32	40	31	25	0|0	0.929935094	NA
chr22	25499446	25499468	20	27	26	19	0|0	0.929935094	NA
chr22	29584658	29584694	22	13	19	13	0|0	0.929935094	NA
chr22	43056357	43056394	21	27	27	21	0|0	0.929935094	NA
chr22	45751739	45751767	168	176	138	127	0|0	0.929935094	NA
chr3	10257599	10257633	23	18	28	23	0|0	0.929935094	NA
chr3	13431119	13431238	25	26	28	27	0|0	0.929935094	NA
chr3	18241031	18241404	23	15	16	14	0|0	0.929935094	NA
chr3	25785138	25785159	28	27	35	20	0|0	0.929935094	NA
chr3	44779821	44779846	30	31	38	29	0|0	0.929935094	NA
chr3	48250010	48250149	26	22	22	21	0|0	0.929935094	NA
chr3	49087939	49088644	44	51	43	45	0|0	0.929935094	NA
chr3	57906047	57906079	37	27	37	42	0|0	0.929935094	NA
chr3	57909503	57909527	33	33	36	44	0|0	0.929935094	NA
chr3	68370297	68370328	51	51	49	63	0|0	0.929935094	NA
chr3	71297482	71297510	25	27	29	28	0|0	0.929935094	NA
chr3	73689916	73689939	47	38	71	57	0|0	0.929935094	NA
chr3	101918894	101918916	57	67	63	72	0|0	0.929935094	NA
chr3	113808130	113808155	77	74	89	91	0|0	0.929935094	NA
chr3	113808165	113808609	77	75	91	98	0|0	0.929935094	NA
chr3	113963576	113963601	21	15	28	19	0|0	0.929935094	NA
chr3	121194510	121194528	37	34	47	45	0|0	0.929935094	NA
chr3	121824613	121824631	24	25	25	26	0|0	0.929935094	NA
chr3	125215586	125215606	22	19	28	26	0|0	0.929935094	NA
chr3	125492107	125492137	70	74	81	75	0|0	0.929935094	NA
chr3	125492107	125492137	70	74	81	75	0|0	0.929935094	NA
chr3	141889730	141889758	21	24	39	27	0|0	0.929935094	NA
chr3	153267803	153267823	32	26	28	31	0|0	0.929935094	NA
chr3	157214540	157214816	35	31	48	42	0|0	0.929935094	NA
chr3	161653275	161653346	21	15	17	30	0|0	0.929935094	NA
chr3	168941564	168941588	25	27	48	38	0|0	0.929935094	NA
chr3	176419275	176419302	19	22	29	23	0|0	0.929935094	NA
chr3	180951070	180952594	25	33	46	41	0|0	0.929935094	NA
chr3	195616559	195619538	47	50	51	62	0|0	0.929935094	NA
chr3	195994808	195996875	31	30	50	60	0|0	0.929935094	NA
chr4	10479828	10479851	27	34	31	25	0|0	0.929935094	NA
chr4	11660263	11660424	51	51	38	37	0|0	0.929935094	NA
chr4	28257903	28257928	20	29	23	22	0|0	0.929935094	NA
chr4	39948212	39948260	27	21	17	30	0|0	0.929935094	NA
chr4	43546763	43546790	20	23	21	20	0|0	0.929935094	NA
chr4	46515137	46515272	23	18	31	22	0|0	0.929935094	NA
chr4	67686340	67687000	22	32	37	30	0|0	0.929935094	NA
chr4	70787169	70787198	25	25	25	21	0|0	0.929935094	NA
chr4	71267795	71267828	28	24	25	25	0|0	0.929935094	NA
chr4	73225863	73225892	19	15	28	22	0|0	0.929935094	NA
chr4	104807370	104807518	22	18	17	16	0|0	0.929935094	NA
chr4	119346676	119348133	33	32	21	32	0|0	0.929935094	NA
chr4	159335837	159336459	20	17	14	12	0|0	0.929935094	NA
chr4	177081295	177081315	26	35	23	17	0|0	0.929935094	NA
chr4	177520573	177520602	27	28	25	31	0|0	0.929935094	NA
chr4	183994929	183994946	27	20	15	21	0|0	0.929935094	NA
chr5	7723922	7724145	51	45	35	31	0|0	0.929935094	NA
chr5	16997845	16997872	38	30	19	20	0|0	0.929935094	NA
chr5	41446175	41446209	23	30	17	18	0|0	0.929935094	NA
chr5	43217461	43217487	23	29	17	17	0|0	0.929935094	NA
chr5	43252573	43252593	32	36	40	41	0|0	0.929935094	NA
chr5	46433938	46568283	15	25	24	22	0|0	0.929935094	NA
chr5	68145792	68145810	27	36	42	37	0|0	0.929935094	NA
chr5	76712742	76712762	26	40	34	39	0|0	0.929935094	NA
chr5	78168013	78168049	43	35	29	36	0|0	0.929935094	NA
chr5	94187360	94187382	36	29	19	29	0|0	0.929935094	NA
chr5	99402410	99403503	23	17	22	14	0|0	0.929935094	NA
chr5	108855458	108855625	57	55	46	45	0|0	0.929935094	NA
chr5	115812905	115813076	21	32	17	24	0|0	0.929935094	NA
chr5	140886825	140886851	32	34	28	29	0|0	0.929935094	NA
chr5	146318450	146318484	19	16	13	11	0|0	0.929935094	NA
chr5	150572544	150572566	39	53	50	45	0|0	0.929935094	NA
chr5	164409864	164409881	23	16	20	20	0|0	0.929935094	NA
chr5	166153353	166153373	19	15	14	15	0|0	0.929935094	NA
chr5	172807581	172808076	24	34	27	21	0|0	0.929935094	NA
chr5	177671123	177672272	21	17	18	15	0|0	0.929935094	NA
chr5	178089708	178089737	25	25	37	35	0|0	0.929935094	NA
chr6	7450135	7450166	19	19	24	17	0|0	0.929935094	NA
chr6	19005284	19005314	40	31	50	42	0|0	0.929935094	NA
chr6	37034998	37035027	27	18	25	24	0|0	0.929935094	NA
chr6	42223586	42224519	17	28	29	38	0|0	0.929935094	NA
chr6	42841174	42842611	93	92	122	121	0|0	0.929935094	NA
chr6	53226965	53226988	24	19	29	28	0|0	0.929935094	NA
chr6	72613564	72613598	28	28	33	32	0|0	0.929935094	NA
chr6	72614004	72614572	28	35	36	36	0|0	0.929935094	NA
chr6	82836583	82837333	67	62	64	53	0|0	0.929935094	NA
chr6	99483846	99483865	30	25	28	28	0|0	0.929935094	NA
chr6	108190818	108190838	36	29	44	34	0|0	0.929935094	NA
chr6	113679978	113679999	21	22	29	23	0|0	0.929935094	NA
chr6	119033998	119034029	20	26	19	25	0|0	0.929935094	NA
chr6	128692304	128692393	30	31	22	19	0|0	0.929935094	NA
chr6	136860015	136860191	38	33	30	39	0|0	0.929935094	NA
chr6	139102677	139102695	19	19	14	19	0|0	0.929935094	NA
chr6	150460086	150460113	25	27	19	22	0|0	0.929935094	NA
chr6	151492693	151492728	24	23	34	24	0|0	0.929935094	NA
chr6	170658458	170805979	155	170	165	167	0|0	0.929935094	NA
chr7	11781012	11781041	44	49	51	48	0|0	0.929935094	NA
chr7	15430626	15430647	20	22	37	33	0|0	0.929935094	NA
chr7	22316973	22317001	62	71	89	80	0|0	0.929935094	NA
chr7	22316973	22317001	62	71	89	80	0|0	0.929935094	NA
chr7	22770667	22770690	28	24	26	28	0|0	0.929935094	NA
chr7	22965127	22965155	56	56	67	52	0|0	0.929935094	NA
chr7	22965127	22965155	56	56	67	52	0|0	0.929935094	NA
chr7	23366545	23366582	21	20	22	25	0|0	0.929935094	NA
chr7	23637735	23638886	26	22	29	21	0|0	0.929935094	NA
chr7	28624676	28624700	20	24	28	31	0|0	0.929935094	NA
chr7	36043242	36043271	31	29	26	30	0|0	0.929935094	NA
chr7	36536951	36536981	22	23	22	24	0|0	0.929935094	NA
chr7	37297604	37297622	84	74	78	87	0|0	0.929935094	NA
chr7	42355805	42357115	26	26	17	29	0|0	0.929935094	NA
chr7	50462229	50462257	29	28	35	24	0|0	0.929935094	NA
chr7	61610161	61725181	54	47	66	81	0|0	0.929935094	NA
chr7	63016266	63016297	22	13	15	17	0|0	0.929935094	NA
chr7	63405113	63456297	74	73	73	80	0|0	0.929935094	NA
chr7	65747508	65747538	39	28	41	32	0|0	0.929935094	NA
chr7	83092951	83093823	22	28	22	15	0|0	0.929935094	NA
chr7	100639579	100639599	32	37	34	38	0|0	0.929935094	NA
chr7	114462201	114462310	30	28	21	17	0|0	0.929935094	NA
chr7	121405492	121405511	76	90	93	84	0|0	0.929935094	NA
chr7	122964489	122964835	34	46	32	39	0|0	0.929935094	NA
chr7	138100098	138100131	39	33	33	32	0|0	0.929935094	NA
chr7	140409994	140410022	45	35	41	37	0|0	0.929935094	NA
chr7	158660096	158660118	32	20	18	21	0|0	0.929935094	NA
chr8	6404164	6404186	43	50	90	74	0|0	0.929935094	NA
chr8	30669798	30669829	39	47	35	31	0|0	0.929935094	NA
chr8	38248946	38248968	26	25	29	27	0|0	0.929935094	NA
chr8	39283414	39283440	31	26	18	26	0|0	0.929935094	NA
chr8	60957132	60957161	36	33	35	25	0|0	0.929935094	NA
chr8	67093902	67094148	28	36	21	18	0|0	0.929935094	NA
chr8	67733078	67733235	35	41	31	21	0|0	0.929935094	NA
chr8	69313704	69313725	53	45	35	33	0|0	0.929935094	NA
chr8	73839347	73839373	21	18	18	14	0|0	0.929935094	NA
chr8	92447804	92447830	63	68	43	47	0|0	0.929935094	NA
chr8	93759465	93759493	25	24	18	24	0|0	0.929935094	NA
chr8	95115057	95115076	45	41	27	18	0|0	0.929935094	NA
chr8	109093197	109093880	47	62	37	34	0|0	0.929935094	NA
chr8	109093851	109093876	47	58	34	32	0|0	0.929935094	NA
chr8	119900333	119900360	22	26	13	15	0|0	0.929935094	NA
chr8	122250427	122250447	70	72	46	54	0|0	0.929935094	NA
chr8	122250427	122250447	70	72	46	54	0|0	0.929935094	NA
chr8	123458035	123458082	30	26	18	18	0|0	0.929935094	NA
chr8	126928100	126928125	23	25	13	23	0|0	0.929935094	NA
chr8	134741854	134742099	29	36	23	27	0|0	0.929935094	NA
chr8	140693120	140693608	21	26	15	17	0|0	0.929935094	NA
chr9	36130708	36130753	20	21	16	19	0|0	0.929935094	NA
chr9	36661938	36661969	33	22	25	32	0|0	0.929935094	NA
chr9	69491598	69491624	24	26	30	20	0|0	0.929935094	NA
chr9	71581569	71581598	56	63	65	80	0|0	0.929935094	NA
chr9	83894298	83901666	51	47	52	64	0|0	0.929935094	NA
chr9	83894298	83902193	52	52	59	65	0|0	0.929935094	NA
chr9	128876246	128876276	36	27	37	24	0|0	0.929935094	NA
chrX	7841303	7844092	50	54	0	0	0	0.929935094	NA
chrX	8155926	8155948	277	301	0	0	0	0.929935094	NA
chrX	8155926	8155948	277	301	0	0	0	0.929935094	NA
chrX	8363362	8363387	22	36	0	0	0	0.929935094	NA
chrX	9200952	9200979	25	32	0	0	0	0.929935094	NA
chrX	23834396	23834418	176	177	0	0	0	0.929935094	NA
chrX	24069378	24069405	33	59	0	0	0	0.929935094	NA
chrX	24435845	24435938	102	142	0	0	0	0.929935094	NA
chrX	24817609	24817631	56	52	0	0	0	0.929935094	NA
chrX	31584146	31585356	53	69	0	0	0	0.929935094	NA
chrX	40255307	40255418	40	29	0	0	0	0.929935094	NA
chrX	48367421	48420537	63	37	0	0	0	0.929935094	NA
chrX	48523553	48526122	203	226	0	0	0	0.929935094	NA
chrX	48526091	48526122	83	84	0	0	0	0.929935094	NA
chrX	52693262	52779238	60	40	0	0	0	0.929935094	NA
chrX	52693262	52779238	60	40	0	0	0	0.929935094	NA
chrX	54379474	54379506	35	44	0	0	0	0.929935094	NA
chrX	57248756	57248816	46	33	0	0	0	0.929935094	NA
chrX	65539436	65539557	21	13	0	0	0	0.929935094	NA
chrX	71836616	71836647	93	84	0	0	0	0.929935094	NA
chrX	71836616	71836647	93	84	0	0	0	0.929935094	NA
chrX	74317345	74317370	145	159	0	0	0	0.929935094	NA
chrX	91668736	91668757	21	13	0	0	0	0.929935094	NA
chrX	97887723	97887749	43	23	0	0	0	0.929935094	NA
chrX	102197700	102332797	99	111	0	0	0	0.929935094	NA
chrX	102376869	102481250	95	93	0	0	0	0.929935094	NA
chrX	105169397	105169414	35	24	0	0	0	0.929935094	NA
chrX	106258032	106298478	165	171	0	0	0	0.929935094	NA
chrX	115482006	115482030	43	52	0	0	0	0.929935094	NA
chrX	123514911	123514932	43	22	0	0	0	0.929935094	NA
chrX	139694403	139694427	130	109	0	0	0	0.929935094	NA
chrX	141018075	141039367	74	61	0	0	0	0.929935094	NA
chrX	141474452	141600134	169	187	0	0	0	0.929935094	NA
chrX	141490732	141600134	159	156	0	0	0	0.929935094	NA
chrX	145697175	145698084	166	181	0	0	0	0.929935094	NA
chrX	149721929	149744768	54	40	0	0	0	0.929935094	NA
chrX	152742247	152788242	192	150	0	0	0	0.929935094	NA
chrX	153115515	153124807	67	39	0	0	0	0.929935094	NA
chrX	153115515	153129794	68	39	0	0	0	0.929935094	NA
chrX	153251400	153280130	260	241	0	0	0	0.929935094	NA
chrX	153251908	153280130	259	239	0	0	0	0.929935094	NA
chrY	6363187	6457855	77	76	0	0	0	0.929935094	NA
chrY	18709749	18823237	49	29	0	0	0	0.929935094	NA
chrY	18709749	18823237	49	29	0	0	0	0.929935094	NA
chrY	22096207	22323719	2169	2135	0	0	0	0.929935094	NA
chrY	22107091	22323719	2162	2130	0	0	0	0.929935094	NA
chrY	22127885	22323719	2160	2122	0	0	0	0.929935094	NA
chrY	23384004	26036725	850	882	0	0	0	0.929935094	NA
chrY	24634625	26265048	475	519	0	0	0	0.929935094	NA
chr13	1	17860081	0	0	1	0	0|0	0.929935094	NA
chr13	1	17862737	0	0	1	0	0|0	0.929935094	NA
chr13	1	17862737	0	0	1	0	0|0	0.929935094	NA
chr1	122027954	122503115	0	0	0	0	0|0	0.929935094	NA
chr1	122027954	122503115	0	0	0	0	0|0	0.929935094	NA
chr1	122027954	122578598	0	0	0	0	0|0	0.929935094	NA
chr1	122048670	122095097	0	0	0	0	0|0	0.929935094	NA
chr1	122503567	122898291	0	0	0	0	0|0	0.929935094	NA
chr1	122503567	124371927	0	0	0	0	0|0	0.929935094	NA
chr1	122615881	123094234	0	0	0	0	0|0	0.929935094	NA
chr1	122901348	122969222	0	0	0	0	0|0	0.929935094	NA
chr1	122972092	123839005	0	0	0	0	0|0	0.929935094	NA
chr1	123144839	123429928	0	0	0	0	0|0	0.929935094	NA
chr1	123445642	123827118	0	0	0	0	0|0	0.929935094	NA
chr1	123850700	124219513	0	0	0	0	0|0	0.929935094	NA
chr1	123850700	124369393	0	0	0	0	0|0	0.929935094	NA
chr1	124152822	124156252	0	0	0	0	0|0	0.929935094	NA
chr1	124247195	124589081	0	0	0	0	0|0	0.929935094	NA
chr1	124418628	124450652	0	0	0	0	0|0	0.929935094	NA
chr1	124419860	124672891	0	0	0	0	0|0	0.929935094	NA
chr1	124499059	124710409	0	0	0	0	0|0	0.929935094	NA
chr1	124617182	124630119	0	0	0	0	0|0	0.929935094	NA
chr1	124666980	124763778	0	0	0	0	0|0	0.929935094	NA
chr1	124687386	124768095	0	0	0	0	0|0	0.929935094	NA
chr1	124714598	124784167	0	0	0	0	0|0	0.929935094	NA
chr1	124784238	124932581	0	0	0	0	0|0	0.929935094	NA
chr1	124784238	124932581	0	0	0	0	0|0	0.929935094	NA
chr1	124785628	124932581	0	0	0	0	0|0	0.929935094	NA
chr1	125162919	125174354	0	0	0	0	0|0	0.929935094	NA
chr1	125162919	125178616	0	0	0	0	0|0	0.929935094	NA
chr1	125175358	125181875	0	0	0	0	0|0	0.929935094	NA
chr1	125178763	125181875	0	0	0	0	0|0	0.929935094	NA
chr1	125178763	143202388	0	0	0	0	0|0	0.929935094	NA
chr1	125181887	143201424	0	0	0	0	0|0	0.929935094	NA
chr1	143208886	143211216	0	0	0	0	0|0	0.929935094	NA
chr1	143214463	143232598	0	0	0	0	0|0	0.929935094	NA
chr1	143214463	143253393	0	0	0	0	0|0	0.929935094	NA
chr1	143237945	143254912	0	0	0	0	0|0	0.929935094	NA
chr1	143253398	143259083	0	0	0	0	0|0	0.929935094	NA
chr1	143255121	143257088	0	0	0	0	0|0	0.929935094	NA
chr1	169115187	169115207	0	0	0	0	0|0	0.929935094	NA
chr1	189696529	189696569	0	0	0	0	0|0	0.929935094	NA
chr10	5535465	5535583	0	0	0	0	0|0	0.929935094	NA
chr10	40429060	40476809	0	0	0	0	0|0	0.929935094	NA
chr10	114138282	114139392	0	0	0	0	0|0	0.929935094	NA
chr11	3991952	3991996	0	0	0	0	0|0	0.929935094	NA
chr11	51422783	51422931	0	0	0	0	0|0	0.929935094	NA
chr11	51462441	51484761	0	0	0	0	0|0	0.929935094	NA
chr11	51719362	51777500	0	0	0	0	0|0	0.929935094	NA
chr11	52651434	52695290	0	0	0	0	0|0	0.929935094	NA
chr11	53281061	53298372	0	0	0	0	0|0	0.929935094	NA
chr11	53424929	53509531	0	0	0	0	0|0	0.929935094	NA
chr11	53451037	53487302	0	0	0	0	0|0	0.929935094	NA
chr11	53451037	53509531	0	0	0	0	0|0	0.929935094	NA
chr12	34835465	37182394	0	0	0	0	0|0	0.929935094	NA
chr12	34846800	37182394	0	0	0	0	0|0	0.929935094	NA
chr12	35331129	35337649	0	0	0	0	0|0	0.929935094	NA
chr12	35727110	35755334	0	0	0	0	0|0	0.929935094	NA
chr12	36176164	36245205	0	0	0	0	0|0	0.929935094	NA
chr12	36408311	36466089	0	0	0	0	0|0	0.929935094	NA
chr12	36467644	36494791	0	0	0	0	0|0	0.929935094	NA
chr13	17627299	17627729	0	0	0	0	0|0	0.929935094	NA
chr13	17859561	17877352	0	0	0	0	0|0	0.929935094	NA
chr13	17862508	17998670	0	0	0	0	0|0	0.929935094	NA
chr13	17863396	17875617	0	0	0	0	0|0	0.929935094	NA
chr13	17865233	17877352	0	0	0	0	0|0	0.929935094	NA
chr13	17865233	17878168	0	0	0	0	0|0	0.929935094	NA
chr13	17878098	17986889	0	0	0	0	0|0	0.929935094	NA
chr13	18000391	18000687	0	0	0	0	0|0	0.929935094	NA
chr13	51745731	51745774	0	0	0	0	0|0	0.929935094	NA
chr13	51745731	51745774	0	0	0	0	0|0	0.929935094	NA
chr15	17093449	18254699	0	0	0	0	0|0	0.929935094	NA
chr15	17499557	19707769	0	0	0	0	0|0	0.929935094	NA
chr15	17504530	19707769	0	0	0	0	0|0	0.929935094	NA
chr15	17504530	19707769	0	0	0	0	0|0	0.929935094	NA
chr15	45882933	45883458	0	0	0	0	0|0	0.929935094	NA
chr15	45883423	45883457	0	0	0	0	0|0	0.929935094	NA
chr15	45883423	45883457	0	0	0	0	0|0	0.929935094	NA
chr15	45883520	45887852	0	0	0	0	0|0	0.929935094	NA
chr15	83152121	83152711	0	0	0	0	0|0	0.929935094	NA
chr15	83152684	83152821	0	0	0	0	0|0	0.929935094	NA
chr15	83152684	83152821	0	0	0	0	0|0	0.929935094	NA
chr16	34062037	34067525	0	0	0	0	0|0	0.929935094	NA
chr16	34571511	34589410	0	0	0	0	0|0	0.929935094	NA
chr16	34571511	34589410	0	0	0	0	0|0	0.929935094	NA
chr16	34571511	34589410	0	0	0	0	0|0	0.929935094	NA
chr16	46382602	46401645	0	0	0	0	0|0	0.929935094	NA
chr16	85132462	85132494	0	0	0	0	0|0	0.929935094	NA
chr17	22864206	22876395	0	0	0	0	0|0	0.929935094	NA
chr17	23141993	23148671	0	0	0	0	0|0	0.929935094	NA
chr17	23764895	23853607	0	0	0	0	0|0	0.929935094	NA
chr17	26880895	26885896	0	0	0	0	0|0	0.929935094	NA
chr17	73210206	73210518	0	0	0	0	0|0	0.929935094	NA
chr18	106397	119269	0	0	0	0	0|0	0.929935094	NA
chr18	106397	119269	0	0	0	0	0|0	0.929935094	NA
chr18	15520444	15574384	0	0	0	0	0|0	0.929935094	NA
chr18	15676267	15677392	0	0	0	0	0|0	0.929935094	NA
chr18	15679241	15734933	0	0	0	0	0|0	0.929935094	NA
chr18	16245499	16369073	0	0	0	0	0|0	0.929935094	NA
chr18	16371096	16399555	0	0	0	0	0|0	0.929935094	NA
chr18	16404974	16472121	0	0	0	0	0|0	0.929935094	NA
chr18	17344974	18513535	0	0	0	0	0|0	0.929935094	NA
chr18	18820001	19403559	0	0	0	0	0|0	0.929935094	NA
chr18	18916652	19358233	0	0	0	0	0|0	0.929935094	NA
chr18	18980680	19403559	0	0	0	0	0|0	0.929935094	NA
chr18	20327868	20381413	0	0	0	0	0|0	0.929935094	NA
chr18	20343562	20368815	0	0	0	0	0|0	0.929935094	NA
chr18	20369021	20546646	0	0	0	0	0|0	0.929935094	NA
chr18	20382284	20546646	0	0	0	0	0|0	0.929935094	NA
chr18	20699220	20742507	0	0	0	0	0|0	0.929935094	NA
chr18	21060840	21061030	0	0	0	0	0|0	0.929935094	NA
chr19	38736997	38739610	0	0	0	0	0|0	0.929935094	NA
chr2	109199326	109199854	0	0	0	0	0|0	0.929935094	NA
chr2	170416524	170416553	0	0	0	0	0|0	0.929935094	NA
chr20	26436313	26475641	0	0	0	0	0|0	0.929935094	NA
chr20	26436313	26475641	0	0	0	0	0|0	0.929935094	NA
chr20	26436313	26584286	0	0	0	0	0|0	0.929935094	NA
chr20	26476338	26584286	0	0	0	0	0|0	0.929935094	NA
chr20	26480530	26562646	0	0	0	0	0|0	0.929935094	NA
chr20	26562912	26584286	0	0	0	0	0|0	0.929935094	NA
chr20	26894741	27142925	0	0	0	0	0|0	0.929935094	NA
chr20	26894741	27153776	0	0	0	0	0|0	0.929935094	NA
chr20	26917641	27142925	0	0	0	0	0|0	0.929935094	NA
chr20	27386148	27562297	0	0	0	0	0|0	0.929935094	NA
chr20	27571342	27780865	0	0	0	0	0|0	0.929935094	NA
chr20	28270579	28292847	0	0	0	0	0|0	0.929935094	NA
chr20	28308122	28427720	0	0	0	0	0|0	0.929935094	NA
chr3	47810567	47815758	0	0	0	0	0|0	0.929935094	NA
chr3	47815721	47815761	0	0	0	0	0|0	0.929935094	NA
chr3	47815846	47818268	0	0	0	0	0|0	0.929935094	NA
chr3	90778507	91229418	0	0	0	0	0|0	0.929935094	NA
chr3	90778507	91229418	0	0	0	0	0|0	0.929935094	NA
chr3	90778507	91229418	0	0	0	0	0|0	0.929935094	NA
chr3	91554510	93651384	0	0	0	0	0|0	0.929935094	NA
chr3	91554510	93651384	0	0	0	0	0|0	0.929935094	NA
chr3	91554510	93651384	0	0	0	0	0|0	0.929935094	NA
chr3	135097098	135097120	0	0	0	0	0|0	0.929935094	NA
chr4	49709070	49711875	0	0	0	0	0|0	0.929935094	NA
chr4	49709070	49711875	0	0	0	0	0|0	0.929935094	NA
chr4	70952644	70957290	0	0	0	0	0|0	0.929935094	NA
chr4	93178070	93178092	0	0	0	0	0|0	0.929935094	NA
chr4	128070801	128073453	0	0	0	0	0|0	0.929935094	NA
chr5	46489147	46568283	0	0	0	0	0|0	0.929935094	NA
chr5	46490527	46500397	0	0	0	0	0|0	0.929935094	NA
chr5	46502298	46568283	0	0	0	0	0|0	0.929935094	NA
chr5	46689459	46696264	0	0	0	0	0|0	0.929935094	NA
chr5	47107437	47153916	0	0	0	0	0|0	0.929935094	NA
chr5	47107437	47153916	0	0	0	0	0|0	0.929935094	NA
chr5	47107824	47153916	0	0	0	0	0|0	0.929935094	NA
chr5	47150290	47293970	0	0	0	0	0|0	0.929935094	NA
chr5	138592986	138593008	0	0	0	0	0|0	0.929935094	NA
chr5	139830002	139830133	0	0	0	0	0|0	0.929935094	NA
chr5	139830002	139830133	0	0	0	0	0|0	0.929935094	NA
chr5	156487790	156488033	0	0	0	0	0|0	0.929935094	NA
chr5	178702078	178702109	0	0	0	0	0|0	0.929935094	NA
chr6	58561015	58592597	0	0	0	0	0|0	0.929935094	NA
chr6	58594467	58597284	0	0	0	0	0|0	0.929935094	NA
chr6	138036124	138039343	0	0	0	0	0|0	0.929935094	NA
chr6	161185138	161185168	0	0	0	0	0|0	0.929935094	NA
chr7	2642539	2642564	0	0	0	0	0|0	0.929935094	NA
chr7	3211143	3213257	0	0	0	0	0|0	0.929935094	NA
chr7	3213224	3213257	0	0	0	0	0|0	0.929935094	NA
chr7	135894473	135899290	0	0	0	0	0|0	0.929935094	NA
chr7	139670579	139670613	0	0	0	0	0|0	0.929935094	NA
chr7	139670579	139670613	0	0	0	0	0|0	0.929935094	NA
chr8	20503670	20503713	0	0	0	0	0|0	0.929935094	NA
chr8	134653020	134653297	0	0	0	0	0|0	0.929935094	NA
chr8	134653020	134653297	0	0	0	0	0|0	0.929935094	NA
chr9	43681681	43813755	0	0	0	0	0|0	0.929935094	NA
chr9	43814491	43851886	0	0	0	0	0|0	0.929935094	NA
chrX	58605580	62366091	0	0	0	0	0	0.929935094	NA
chrX	58605580	62401543	0	0	0	0	0	0.929935094	NA
chrX	58605580	62401543	0	0	0	0	0	0.929935094	NA
chrX	75115271	75115310	0	0	0	0	0	0.929935094	NA
chrY	4199323	4199356	0	0	0	0	0	0.929935094	NA
chrY	11687958	11703251	0	0	0	0	0	0.929935094	NA
chrY	11721821	11748299	0	0	0	0	0	0.929935094	NA
chrY	13770194	13770223	0	0	0	0	0	0.929935094	NA
chrY	20606456	20606489	0	0	0	0	0	0.929935094	NA
chrY	20606456	20606489	0	0	0	0	0	0.929935094	NA
chrY	26638101	26644848	0	0	0	0	0	0.929935094	NA
chrY	56821588	57227415	0	0	0	0	0	0.929935094	NA
chrY	56821588	57227415	0	0	0	0	0	0.929935094	NA
chrX	4681776	4682250	26	24	0	0	0	0.929935094	NA
chrX	12417995	12418020	46	47	0	0	0	0.929935094	NA
chrX	12560477	12560499	23	25	0	0	0	0.929935094	NA
chrX	24017783	24017809	28	29	0	0	0	0.929935094	NA
chrX	40602651	40602674	40	43	0	0	0	0.929935094	NA
chrX	53465715	53465756	28	23	0	0	0	0.929935094	NA
chrX	63181081	63181546	18	17	0	0	0	0.929935094	NA
chrX	78201842	78202114	21	16	0	0	0	0.929935094	NA
chrX	90093793	90093819	23	21	0	0	0	0.929935094	NA
chrX	100440226	100440448	21	18	0	0	0	0.929935094	NA
chrX	119057942	119057973	23	18	0	0	0	0.929935094	NA
chrX	135040953	135040979	44	46	0	0	0	0.929935094	NA
chrX	135718926	135730827	58	59	0	0	0	0.929935094	NA
chrX	154615072	154636542	27	29	0	0	0	0.929935094	NA
chrY	6240762	6241048	10	10	0	0	0	0.929935094	NA
chrY	9772695	9801528	47	42	0	0	0	0.929935094	NA
chrY	9881770	9888743	21	17	0	0	0	0.929935094	NA
chrY	13208632	13209214	18	19	0	0	0	0.929935094	NA
chrY	15421944	15421967	16	15	0	0	0	0.929935094	NA
chr1	15781522	15781546	83	58	62	81	0|0	0.929935093999999	NA
chr1	15781522	15781546	83	58	62	81	0|0	0.929935093999999	NA
chr1	17017008	17017374	27	43	37	40	0|0	0.929935093999999	NA
chr1	23757812	23757838	57	73	65	91	0|0	0.929935093999999	NA
chr1	24775070	24775089	20	43	51	48	0|0	0.929935093999999	NA
chr1	35628579	35628603	101	138	117	158	0|0	0.929935093999999	NA
chr1	45145181	45146407	20	47	36	51	0|0	0.929935093999999	NA
chr1	45564758	45564777	23	49	45	53	0|0	0.929935093999999	NA
chr1	54057037	54057067	37	22	37	27	0|0	0.929935093999999	NA
chr1	77787010	77791269	59	94	84	81	0|0	0.929935093999999	NA
chr1	92461426	92462191	24	34	38	22	0|0	0.929935093999999	NA
chr1	110268611	110268633	22	44	45	47	0|0	0.929935093999999	NA
chr1	120665271	120674161	25	28	16	37	0|0	0.929935093999999	NA
chr1	168346486	168350317	38	75	63	53	0|0	0.929935093999999	NA
chr1	195822188	195822405	151	127	185	136	0|0	0.929935093999999	NA
chr1	202411272	202411293	21	12	13	14	0|0	0.929935093999999	NA
chr1	206191298	206204020	136	203	181	182	0|0	0.929935093999999	NA
chr1	241772330	241772357	34	46	30	47	0|0	0.929935093999999	NA
chr10	28353092	28353293	73	65	52	78	0|0	0.929935093999999	NA
chr10	34914141	34914179	52	30	37	49	0|0	0.929935093999999	NA
chr10	35303685	35303807	92	77	63	88	0|0	0.929935093999999	NA
chr10	36245295	36245324	67	100	82	73	0|0	0.929935093999999	NA
chr10	41844015	42081902	131	179	160	188	0|0	0.929935093999999	NA
chr10	41845370	41848226	74	110	99	107	0|0	0.929935093999999	NA
chr10	42620215	42620232	23	21	14	31	0|0	0.929935093999999	NA
chr10	72441546	72441577	151	193	172	142	0|0	0.929935093999999	NA
chr10	87244867	87301722	174	228	190	212	0|0	0.929935093999999	NA
chr10	87257212	87301722	156	161	145	168	0|0	0.929935093999999	NA
chr10	87439919	87467203	98	64	82	70	0|0	0.929935093999999	NA
chr10	92280186	92280681	73	60	46	72	0|0	0.929935093999999	NA
chr10	93292127	93292151	76	103	91	75	0|0	0.929935093999999	NA
chr11	8977938	8979767	59	81	75	66	0|0	0.929935093999999	NA
chr11	25565474	25565494	52	35	41	46	0|0	0.929935093999999	NA
chr11	39362250	39364725	51	85	62	52	0|0	0.929935093999999	NA
chr11	63748154	63748173	33	28	43	23	0|0	0.929935093999999	NA
chr12	34772239	37182394	59	62	82	60	0|0	0.929935093999999	NA
chr12	49908464	49908496	23	14	13	24	0|0	0.929935093999999	NA
chr12	50260932	50260952	89	75	79	54	0|0	0.929935093999999	NA
chr12	56067359	56068582	31	46	33	23	0|0	0.929935093999999	NA
chr12	80452155	80463955	59	61	48	68	0|0	0.929935093999999	NA
chr12	80461953	80463955	33	15	22	33	0|0	0.929935093999999	NA
chr12	92124205	92124230	105	98	105	142	0|0	0.929935093999999	NA
chr12	92124205	92124230	105	98	105	142	0|0	0.929935093999999	NA
chr12	92124596	92127710	105	135	115	155	0|0	0.929935093999999	NA
chr12	100242180	100243029	21	32	22	54	0|0	0.929935093999999	NA
chr12	104256778	104256809	56	35	39	29	0|0	0.929935093999999	NA
chr12	131653178	131665220	203	144	174	166	0|0	0.929935093999999	NA
chr12	131653178	131665220	203	144	174	166	0|0	0.929935093999999	NA
chr12	131653178	131665220	203	144	174	166	0|0	0.929935093999999	NA
chr13	36970645	36977819	49	77	55	57	0|0	0.929935093999999	NA
chr13	55953786	55953809	29	37	47	28	0|0	0.929935093999999	NA
chr13	73121203	73121304	24	14	15	31	0|0	0.929935093999999	NA
chr13	106976239	106976263	102	83	63	112	0|0	0.929935093999999	NA
chr13	106976239	106976263	102	83	63	112	0|0	0.929935093999999	NA
chr14	34159549	34159571	181	186	211	156	0|0	0.929935093999999	NA
chr14	49773147	49773441	24	24	15	31	0|0	0.929935093999999	NA
chr14	52484472	52491040	42	70	49	69	0|0	0.929935093999999	NA
chr14	73530671	73534690	75	107	118	89	0|0	0.929935093999999	NA
chr14	73558909	73564532	283	357	297	328	0|0	0.929935093999999	NA
chr14	73564296	73564315	283	246	261	282	0|0	0.929935093999999	NA
chr14	73564296	73564315	283	246	261	282	0|0	0.929935093999999	NA
chr14	73564709	73567269	283	320	298	337	0|0	0.929935093999999	NA
chr14	77805205	77805232	131	135	178	144	0|0	0.929935093999999	NA
chr14	88423376	88423568	29	39	35	49	0|0	0.929935093999999	NA
chr14	91135647	91135682	70	72	95	71	0|0	0.929935093999999	NA
chr14	100365581	100365609	21	35	35	44	0|0	0.929935093999999	NA
chr15	28315651	28521578	318	370	288	247	0|0	0.929935093999999	NA
chr15	28315651	28589900	321	380	295	250	0|0	0.929935093999999	NA
chr15	35024810	35036344	31	68	41	41	0|0	0.929935093999999	NA
chr15	35025010	35036343	31	67	40	39	0|0	0.929935093999999	NA
chr15	37337802	37337819	69	31	48	48	0|0	0.929935093999999	NA
chr15	40860864	40862545	49	68	42	31	0|0	0.929935093999999	NA
chr15	48923546	48924296	46	67	31	24	0|0	0.929935093999999	NA
chr15	50542038	50542070	133	184	152	134	0|0	0.929935093999999	NA
chr15	56461661	56462500	52	63	58	40	0|0	0.929935093999999	NA
chr15	61773594	61778674	46	92	55	70	0|0	0.929935093999999	NA
chr15	61776164	61776195	43	30	22	39	0|0	0.929935093999999	NA
chr15	61776240	61777645	44	59	29	59	0|0	0.929935093999999	NA
chr15	67182981	67183005	21	37	30	22	0|0	0.929935093999999	NA
chr15	68757172	68757202	98	130	104	75	0|0	0.929935093999999	NA
chr15	68757172	68757202	98	130	104	75	0|0	0.929935093999999	NA
chr15	68757229	68758764	98	137	106	81	0|0	0.929935093999999	NA
chr15	70789296	70789315	45	46	18	33	0|0	0.929935093999999	NA
chr15	72648755	72666105	182	172	178	119	0|0	0.929935093999999	NA
chr15	73496353	73496673	135	107	74	109	0|0	0.929935093999999	NA
chr15	73496353	73496673	135	107	74	109	0|0	0.929935093999999	NA
chr15	73496353	73503626	137	164	99	141	0|0	0.929935093999999	NA
chr15	75442121	75442155	52	72	42	42	0|0	0.929935093999999	NA
chr15	90977121	90977141	42	26	18	25	0|0	0.929935093999999	NA
chr15	101893410	101991189	362	374	278	311	0|0	0.929935093999999	NA
chr16	10674618	10674644	92	115	129	78	0|0	0.929935093999999	NA
chr16	16357603	16390818	40	43	35	64	0|0	0.929935093999999	NA
chr16	16598797	16607722	43	57	85	61	0|0	0.929935093999999	NA
chr16	21400977	21583120	1794	1823	1955	2044	0|0	0.929935093999999	NA
chr16	21400977	21583120	1794	1823	1955	2044	0|0	0.929935093999999	NA
chr16	36321579	36335858	54	27	35	44	0|0	0.929935093999999	NA
chr16	36336061	46401645	53	99	65	69	0|0	0.929935093999999	NA
chr16	47042596	47042864	24	41	47	24	0|0	0.929935093999999	NA
chr16	63115751	63115886	35	34	27	45	0|0	0.929935093999999	NA
chr16	71719610	71719736	159	153	125	167	0|0	0.929935093999999	NA
chr16	71778278	71780520	45	79	60	42	0|0	0.929935093999999	NA
chr16	81204286	81205280	39	57	53	55	0|0	0.929935093999999	NA
chr16	90106261	90338345	201	234	236	228	0|0	0.929935093999999	NA
chr17	9418268	9418858	45	80	69	64	0|0	0.929935093999999	NA
chr17	30615548	30637956	138	143	147	174	0|0	0.929935093999999	NA
chr17	37929561	38194754	93	112	87	114	0|0	0.929935093999999	NA
chr17	44651675	44651864	33	61	50	47	0|0	0.929935093999999	NA
chr17	44651685	44651864	33	61	50	47	0|0	0.929935093999999	NA
chr17	52484160	52484183	109	177	150	151	0|0	0.929935093999999	NA
chr17	58628565	58629852	23	48	36	42	0|0	0.929935093999999	NA
chr17	62549404	62549448	70	42	83	75	0|0	0.929935093999999	NA
chr17	64017620	64018370	38	40	53	32	0|0	0.929935093999999	NA
chr17	71504152	71504173	58	32	53	53	0|0	0.929935093999999	NA
chr17	72227028	72227110	33	25	45	29	0|0	0.929935093999999	NA
chr17	73147667	73148356	36	54	48	25	0|0	0.929935093999999	NA
chr17	78926713	78926805	61	102	77	88	0|0	0.929935093999999	NA
chr17	78926713	78926805	61	102	77	88	0|0	0.929935093999999	NA
chr18	27440273	27440311	51	35	50	44	0|0	0.929935093999999	NA
chr18	31820759	31820846	29	56	35	40	0|0	0.929935093999999	NA
chr18	63987454	63989976	45	72	75	86	0|0	0.929935093999999	NA
chr19	1763369	1763398	27	19	25	13	0|0	0.929935093999999	NA
chr19	3940736	3940759	54	73	81	66	0|0	0.929935093999999	NA
chr19	3940736	3940762	54	73	81	66	0|0	0.929935093999999	NA
chr19	5794222	5797481	158	157	131	176	0|0	0.929935093999999	NA
chr19	5796772	5797480	134	101	110	144	0|0	0.929935093999999	NA
chr19	9643042	9643393	29	21	26	44	0|0	0.929935093999999	NA
chr19	40788481	40788511	25	28	33	15	0|0	0.929935093999999	NA
chr19	44606978	44609571	79	110	88	103	0|0	0.929935093999999	NA
chr19	50076928	50080764	55	101	84	75	0|0	0.929935093999999	NA
chr19	50917985	50918004	31	39	25	45	0|0	0.929935093999999	NA
chr19	56054567	56054588	113	78	76	84	0|0	0.929935093999999	NA
chr2	16975241	16975547	83	72	82	102	0|0	0.929935093999999	NA
chr2	16975795	16976377	83	76	85	114	0|0	0.929935093999999	NA
chr2	21065681	21067405	32	55	43	30	0|0	0.929935093999999	NA
chr2	28442964	28442992	21	26	18	41	0|0	0.929935093999999	NA
chr2	37357007	37357027	81	63	67	93	0|0	0.929935093999999	NA
chr2	38382182	38385264	56	78	81	82	0|0	0.929935093999999	NA
chr2	38385244	38385264	56	31	46	58	0|0	0.929935093999999	NA
chr2	68153339	68153375	34	55	46	47	0|0	0.929935093999999	NA
chr2	68304227	68306794	42	64	62	56	0|0	0.929935093999999	NA
chr2	74468160	74471185	59	77	89	70	0|0	0.929935093999999	NA
chr2	75944247	75944274	70	51	69	55	0|0	0.929935093999999	NA
chr2	75944247	75944274	70	51	69	55	0|0	0.929935093999999	NA
chr2	85373841	85373865	31	16	30	16	0|0	0.929935093999999	NA
chr2	88021670	88021709	55	33	40	44	0|0	0.929935093999999	NA
chr2	94189708	94291949	1686	1808	1708	1863	0|0	0.929935093999999	NA
chr2	94189708	94291949	1686	1808	1708	1863	0|0	0.929935093999999	NA
chr2	94189708	94291949	1686	1808	1708	1863	0|0	0.929935093999999	NA
chr2	99219052	99219249	38	56	40	43	0|0	0.929935093999999	NA
chr2	101518031	101518056	63	60	81	56	0|0	0.929935093999999	NA
chr2	104813964	104813993	47	58	41	63	0|0	0.929935093999999	NA
chr2	108539262	108540105	46	37	51	35	0|0	0.929935093999999	NA
chr2	110294711	110316900	63	71	90	45	0|0	0.929935093999999	NA
chr2	179343102	179343129	41	66	73	55	0|0	0.929935093999999	NA
chr2	179663713	179663743	211	268	278	235	0|0	0.929935093999999	NA
chr2	200882814	200888074	47	87	69	52	0|0	0.929935093999999	NA
chr2	202366784	202366819	60	81	58	68	0|0	0.929935093999999	NA
chr2	202366784	202366819	60	81	58	68	0|0	0.929935093999999	NA
chr2	202388642	202389547	35	53	41	55	0|0	0.929935093999999	NA
chr2	202389528	202389546	35	49	37	54	0|0	0.929935093999999	NA
chr2	205137657	205140475	54	101	79	80	0|0	0.929935093999999	NA
chr2	207611015	207612073	69	109	87	98	0|0	0.929935093999999	NA
chr2	211914051	211914074	58	80	72	65	0|0	0.929935093999999	NA
chr2	222349396	222349421	46	32	40	29	0|0	0.929935093999999	NA
chr2	231354260	231354287	52	67	48	69	0|0	0.929935093999999	NA
chr2	231354260	231354287	52	67	48	69	0|0	0.929935093999999	NA
chr2	235581136	235581332	61	39	58	47	0|0	0.929935093999999	NA
chr20	448835	451802	134	148	84	110	0|0	0.929935093999999	NA
chr20	37001474	37002276	97	113	62	77	0|0	0.929935093999999	NA
chr20	54253043	54253068	49	46	48	28	0|0	0.929935093999999	NA
chr22	15705772	15707781	99	74	64	74	0|0	0.929935093999999	NA
chr22	18778485	18885902	114	138	128	84	0|0	0.929935093999999	NA
chr22	20758366	20758396	30	38	23	39	0|0	0.929935093999999	NA
chr22	21268380	21329189	107	70	85	49	0|0	0.929935093999999	NA
chr22	21373435	21438556	199	217	157	157	0|0	0.929935093999999	NA
chr22	21496346	21523765	144	112	99	106	0|0	0.929935093999999	NA
chr22	23937673	23969850	18	33	26	37	0|0	0.929935093999999	NA
chr22	34919922	34922219	51	88	82	77	0|0	0.929935093999999	NA
chr22	34922194	34922219	49	32	45	41	0|0	0.929935093999999	NA
chr22	50806785	50818468	318	335	254	320	0|0	0.929935093999999	NA
chr22	50807877	50818468	311	319	249	299	0|0	0.929935093999999	NA
chr3	11219716	11219735	31	21	20	33	0|0	0.929935093999999	NA
chr3	57293971	57293991	211	190	234	203	0|0	0.929935093999999	NA
chr3	57293971	57293991	211	190	234	203	0|0	0.929935093999999	NA
chr3	57293971	57293991	211	190	234	203	0|0	0.929935093999999	NA
chr3	69228829	69228858	24	32	32	17	0|0	0.929935093999999	NA
chr3	113702207	113702232	29	47	52	48	0|0	0.929935093999999	NA
chr3	187408084	187424673	58	51	72	54	0|0	0.929935093999999	NA
chr3	189667024	189667050	68	52	83	66	0|0	0.929935093999999	NA
chr3	195722414	195727062	50	27	54	48	0|0	0.929935093999999	NA
chr3	196669114	196669145	33	56	52	68	0|0	0.929935093999999	NA
chr4	1886442	1888446	22	46	51	26	0|0	0.929935093999999	NA
chr4	3537723	3537749	60	75	65	51	0|0	0.929935093999999	NA
chr4	18592854	18592876	20	21	16	11	0|0	0.929935093999999	NA
chr4	23699834	23699865	49	75	68	54	0|0	0.929935093999999	NA
chr4	24050386	24052661	44	64	47	57	0|0	0.929935093999999	NA
chr4	85083285	85083307	98	68	61	90	0|0	0.929935093999999	NA
chr4	85083411	85085153	98	94	66	108	0|0	0.929935093999999	NA
chr4	87924022	87939859	158	152	133	151	0|0	0.929935093999999	NA
chr4	98756335	98756353	54	35	25	52	0|0	0.929935093999999	NA
chr4	98756335	98756353	54	35	25	52	0|0	0.929935093999999	NA
chr4	147499373	147505225	44	69	40	41	0|0	0.929935093999999	NA
chr4	151265131	151265378	59	54	40	61	0|0	0.929935093999999	NA
chr4	151265131	151265378	59	54	40	61	0|0	0.929935093999999	NA
chr4	162707649	162707677	87	96	84	65	0|0	0.929935093999999	NA
chr4	162707649	162707677	87	96	84	65	0|0	0.929935093999999	NA
chr4	168749402	168749423	30	52	41	24	0|0	0.929935093999999	NA
chr4	184295997	184298554	97	153	105	79	0|0	0.929935093999999	NA
chr4	184298137	184298652	97	131	99	71	0|0	0.929935093999999	NA
chr4	190099654	190214555	709	811	703	685	0|0	0.929935093999999	NA
chr4	190177533	190214555	166	207	214	158	0|0	0.929935093999999	NA
chr4	190179073	190214555	166	207	214	158	0|0	0.929935093999999	NA
chr5	258970	262699	33	17	30	27	0|0	0.929935093999999	NA
chr5	6650409	6650428	29	45	27	47	0|0	0.929935093999999	NA
chr5	17520951	17526159	64	32	29	24	0|0	0.929935093999999	NA
chr5	21478823	21480314	28	38	49	27	0|0	0.929935093999999	NA
chr5	21495606	21496811	53	18	32	36	0|0	0.929935093999999	NA
chr5	22116609	22116628	28	45	33	36	0|0	0.929935093999999	NA
chr5	46810043	47075623	21	28	20	42	0|0	0.929935093999999	NA
chr5	47154257	50059759	69	105	102	86	0|0	0.929935093999999	NA
chr5	49599337	50059759	68	46	64	60	0|0	0.929935093999999	NA
chr5	57905802	57906086	22	41	24	29	0|0	0.929935093999999	NA
chr5	73557102	73557122	25	43	39	47	0|0	0.929935093999999	NA
chr5	91366748	91366773	126	98	115	131	0|0	0.929935093999999	NA
chr5	91366748	91366773	126	98	115	131	0|0	0.929935093999999	NA
chr5	98271930	98271954	28	44	46	51	0|0	0.929935093999999	NA
chr5	125028439	125028503	102	74	72	84	0|0	0.929935093999999	NA
chr5	125028439	125028503	102	74	72	84	0|0	0.929935093999999	NA
chr5	138508444	138512234	47	78	55	83	0|0	0.929935093999999	NA
chr5	172025951	172025977	121	103	95	123	0|0	0.929935093999999	NA
chr5	172025951	172025977	121	103	95	123	0|0	0.929935093999999	NA
chr5	177764581	177784307	47	41	48	30	0|0	0.929935093999999	NA
chr5	179447759	179449372	28	19	40	22	0|0	0.929935093999999	NA
chr5	181087368	181105085	132	175	175	134	0|0	0.929935093999999	NA
chr6	21191755	21191784	37	20	41	37	0|0	0.929935093999999	NA
chr6	25130125	25130392	54	81	72	86	0|0	0.929935093999999	NA
chr6	26677509	26791766	562	518	620	587	0|0	0.929935093999999	NA
chr6	26677509	26798356	563	520	623	589	0|0	0.929935093999999	NA
chr6	28447435	28449358	23	34	21	48	0|0	0.929935093999999	NA
chr6	42807804	42807822	26	42	31	47	0|0	0.929935093999999	NA
chr6	42841069	42841106	93	71	119	113	0|0	0.929935093999999	NA
chr6	42841069	42841106	93	71	119	113	0|0	0.929935093999999	NA
chr6	79211013	79211041	32	38	31	54	0|0	0.929935093999999	NA
chr6	79706840	79707205	41	54	35	59	0|0	0.929935093999999	NA
chr6	93581399	93581415	32	50	33	50	0|0	0.929935093999999	NA
chr6	106720084	106723037	46	23	39	23	0|0	0.929935093999999	NA
chr6	139867738	139870115	17	29	21	43	0|0	0.929935093999999	NA
chr6	150611416	150611832	46	74	48	65	0|0	0.929935093999999	NA
chr6	154415099	154415134	33	43	37	55	0|0	0.929935093999999	NA
chr6	156091100	156092116	63	103	82	82	0|0	0.929935093999999	NA
chr6	157416667	157416704	46	39	61	37	0|0	0.929935093999999	NA
chr6	159629157	159629358	73	88	86	98	0|0	0.929935093999999	NA
chr6	166468857	166468884	76	76	81	120	0|0	0.929935093999999	NA
chr6	169586849	169586876	31	43	43	62	0|0	0.929935093999999	NA
chr6	170638595	170805979	157	203	187	195	0|0	0.929935093999999	NA
chr6	170657714	170805979	156	171	168	172	0|0	0.929935093999999	NA
chr7	3357054	3357083	23	13	19	34	0|0	0.929935093999999	NA
chr7	45842360	45845988	46	83	67	67	0|0	0.929935093999999	NA
chr7	57617155	57636978	58	76	80	90	0|0	0.929935093999999	NA
chr7	62384611	62408555	313	358	416	459	0|0	0.929935093999999	NA
chr7	62443779	62456778	545	567	579	667	0|0	0.929935093999999	NA
chr7	63290102	63349396	112	147	182	193	0|0	0.929935093999999	NA
chr7	74737216	74773177	82	120	133	125	0|0	0.929935093999999	NA
chr7	74799585	74864672	56	74	77	80	0|0	0.929935093999999	NA
chr7	98356659	98357024	40	49	56	36	0|0	0.929935093999999	NA
chr7	102077525	102077552	36	22	33	20	0|0	0.929935093999999	NA
chr7	102579043	102579068	24	27	34	17	0|0	0.929935093999999	NA
chr7	117328334	117328747	43	51	36	53	0|0	0.929935093999999	NA
chr7	121026660	121026686	160	213	200	167	0|0	0.929935093999999	NA
chr7	128973743	128973821	33	33	26	43	0|0	0.929935093999999	NA
chr7	140558697	140558718	145	174	158	120	0|0	0.929935093999999	NA
chr8	1	150195	48	75	118	129	0|0	0.929935093999999	NA
chr8	7402456	7457230	56	65	78	98	0|0	0.929935093999999	NA
chr8	7402456	7605502	124	100	189	218	0|0	0.929935093999999	NA
chr8	11106898	11110815	110	67	158	158	0|0	0.929935093999999	NA
chr8	41419161	41419194	74	86	71	51	0|0	0.929935093999999	NA
chr8	65663522	65663555	38	57	49	37	0|0	0.929935093999999	NA
chr8	84615338	84615359	106	90	65	90	0|0	0.929935093999999	NA
chr8	84615338	84615359	106	90	65	90	0|0	0.929935093999999	NA
chr8	85647756	85819643	416	489	372	322	0|0	0.929935093999999	NA
chr8	85647756	85824598	418	491	375	323	0|0	0.929935093999999	NA
chr8	94704758	94704800	46	26	20	20	0|0	0.929935093999999	NA
chr9	1	39956	184	165	186	197	0|0	0.929935093999999	NA
chr9	6487691	6488435	26	40	60	36	0|0	0.929935093999999	NA
chr9	6488102	6488314	26	39	54	34	0|0	0.929935093999999	NA
chr9	6488445	6488810	26	36	55	37	0|0	0.929935093999999	NA
chr9	27548436	27548471	33	27	41	24	0|0	0.929935093999999	NA
chr9	34183556	34184650	21	27	21	41	0|0	0.929935093999999	NA
chr9	34853829	34853852	188	148	243	177	0|0	0.929935093999999	NA
chr9	37282606	37282636	25	40	31	44	0|0	0.929935093999999	NA
chr9	60983331	61225978	335	266	404	376	0|0	0.929935093999999	NA
chr9	63257760	63414437	617	607	772	876	0|0	0.929935093999999	NA
chr9	81748933	81748958	38	23	59	27	0|0	0.929935093999999	NA
chr9	83283531	83283553	46	39	46	63	0|0	0.929935093999999	NA
chr9	83283531	83285080	47	63	74	81	0|0	0.929935093999999	NA
chr9	113111507	113120255	46	29	62	56	0|0	0.929935093999999	NA
chr9	125248623	125248647	31	49	56	66	0|0	0.929935093999999	NA
chr9	135426237	135427560	56	83	144	94	0|0	0.929935093999999	NA
chrX	1	95389	156	245	0	0	0	0.929935093999999	NA
chrX	72742093	72970194	183	255	0	0	0	0.929935093999999	NA
chrX	97438117	97438146	123	169	0	0	0	0.929935093999999	NA
chrX	115718903	115729586	157	84	0	0	0	0.929935093999999	NA
chrX	141018075	141112447	271	344	0	0	0	0.929935093999999	NA
chrX	149578227	149599971	71	36	0	0	0	0.929935093999999	NA
chrX	149767445	149788575	133	91	0	0	0	0.929935093999999	NA
chrX	149767445	149788575	133	91	0	0	0	0.929935093999999	NA
chrX	152674601	152722136	192	137	0	0	0	0.929935093999999	NA
chrY	6363187	6465331	77	116	0	0	0	0.929935093999999	NA
chrY	13981373	14049105	76	37	0	0	0	0.929935093999999	NA
chrY	23654382	24355064	288	190	0	0	0	0.929935093999999	NA
chr1	224445569	224445599	23	14	10	11	0|0	0.929935093999999	NA
chr15	50113840	50113867	26	26	12	23	0|0	0.929935093999999	NA
chr17	60438670	60438701	16	14	11	10	0|0	0.929935093999999	NA
chr1	149818473	149875315	162	48	146	128	0|0	0.929935093999998	NA
chr11	311411	320170	286	71	175	188	0|0	0.929935093999998	NA
chr11	4269917	4290073	169	69	78	131	0|0	0.929935093999998	NA
chr11	4269917	4292474	179	82	91	149	0|0	0.929935093999998	NA
chr11	89761256	89798472	106	209	298	66	0|0	0.929935093999998	NA
chr11	89769915	90062768	569	914	948	782	0|0	0.929935093999998	NA
chr14	73530671	73564532	365	701	647	439	0|0	0.929935093999998	NA
chr15	21540346	21742496	141	48	101	36	0|0	0.929935093999998	NA
chr15	30162117	30576846	822	663	451	726	0|0	0.929935093999998	NA
chr15	50529348	50542070	135	342	212	207	0|0	0.929935093999998	NA
chr15	72660506	72686793	174	434	305	240	0|0	0.929935093999998	NA
chr15	75268774	75287936	254	157	232	95	0|0	0.929935093999998	NA
chr16	90183854	90338345	68	133	63	139	0|0	0.929935093999998	NA
chr16	90196070	90338345	56	122	56	129	0|0	0.929935093999998	NA
chr17	21769823	21825736	266	719	572	576	0|0	0.929935093999998	NA
chr2	179663780	179672151	212	395	355	295	0|0	0.929935093999998	NA
chr21	31784510	31787667	102	234	155	160	0|0	0.929935093999998	NA
chr22	11699917	11718204	176	58	93	97	0|0	0.929935093999998	NA
chr22	15568037	15707781	658	1103	838	686	0|0	0.929935093999998	NA
chr22	18340058	18615199	357	196	214	334	0|0	0.929935093999998	NA
chr22	18340058	18885902	725	474	441	623	0|0	0.929935093999998	NA
chr22	18521084	18584219	174	45	69	131	0|0	0.929935093999998	NA
chr4	1	68354	403	761	659	563	0|0	0.929935093999998	NA
chr4	1	68354	403	761	659	563	0|0	0.929935093999998	NA
chr5	69533886	71193599	488	755	440	725	0|0	0.929935093999998	NA
chr7	5918418	5979327	162	212	132	309	0|0	0.929935093999998	NA
chr7	62384611	62454851	870	1396	1275	1389	0|0	0.929935093999998	NA
chr7	62384611	62456778	920	1453	1332	1436	0|0	0.929935093999998	NA
chr7	75080627	75163197	140	303	335	299	0|0	0.929935093999998	NA
chr7	75080627	75167562	146	322	344	308	0|0	0.929935093999998	NA
chr7	131057785	131078073	206	562	354	420	0|0	0.929935093999998	NA
chr7	131057785	131078073	206	562	354	420	0|0	0.929935093999998	NA
chr8	12175021	12224907	152	233	530	182	0|0	0.929935093999998	NA
chr8	12183748	12233421	81	155	328	132	0|0	0.929935093999998	NA
chr8	12226098	12392959	390	92	489	396	0|0	0.929935093999998	NA
chr8	12284713	12392959	387	87	474	386	0|0	0.929935093999998	NA
chr8	12284854	12393418	389	88	479	387	0|0	0.929935093999998	NA
chr9	19255013	19282582	138	324	317	271	0|0	0.929935093999998	NA
chr9	60850876	61467679	579	405	543	716	0|0	0.929935093999998	NA
chr9	60850876	61467679	579	405	543	716	0|0	0.929935093999998	NA
chr9	61826756	62509158	1221	630	1148	1296	0|0	0.929935093999998	NA
chr9	61944191	62525341	935	601	863	1123	0|0	0.929935093999998	NA
chr9	61960203	62148692	799	397	709	846	0|0	0.929935093999998	NA
chr9	62394383	62523523	115	94	68	223	0|0	0.929935093999998	NA
chr9	62560534	62742774	253	313	463	268	0|0	0.929935093999998	NA
chr9	62673720	62910720	2072	1236	2176	2320	0|0	0.929935093999998	NA
chr9	62685436	63370333	2760	1977	3293	3163	0|0	0.929935093999998	NA
chr9	62742904	63370333	2675	1949	3239	3089	0|0	0.929935093999998	NA
chr9	67521918	67640811	239	542	475	421	0|0	0.929935093999998	NA
chr9	124924637	124925146	254	163	419	271	0|0	0.929935093999998	NA
chr9	124924637	124925146	254	163	419	271	0|0	0.929935093999998	NA
chr9	124924637	124925146	254	163	419	271	0|0	0.929935093999998	NA
chr9	124924637	124925242	255	163	419	271	0|0	0.929935093999998	NA
chrX	95509	127990	155	37	0	0	0	0.929935093999998	NA
chrX	63127491	63193434	211	82	0	0	0	0.929935093999998	NA
chrX	102281991	102481250	420	127	0	0	0	0.929935093999998	NA
chrX	152755402	152780914	178	54	0	0	0	0.929935093999998	NA
chrY	22389163	25144629	660	1267	0	0	0	0.929935093999998	NA
chr17	39307964	39307997	29	13	24	32	0|0	0.929935093999996	NA
chr11	22329804	22329894	18	20	10	13	0|0	0.929935093999995	NA
chr15	65239280	65239470	35	27	11	19	0|0	0.929935093999995	NA
chr20	34414138	34414217	29	22	19	11	0|0	0.929935093999995	NA
chr8	7459483	7548378	52	17	93	73	0|0	0.929935093999995	NA
chr15	101275919	101275945	22	25	14	10	0|0	0.929935093999991	NA
chr6	99570943	99572013	13	10	11	14	0|0	0.929935093999991	NA
chr3	49478275	49478457	18	13	11	20	0|0	0.92993509399999	NA
chr10	73845578	73845603	22	12	11	20	0|0	0.929935093999988	NA
chr4	117798733	117798755	25	12	19	24	0|0	0.929935093999986	NA
chr11	45784606	45784628	23	12	12	26	0|0	0.929935093999983	NA
chrX	103141761	103142044	24	12	0	0	0	0.929935093999979	NA
chr8	101545368	101545475	21	14	16	10	0|0	0.929935093999966	NA
chr12	111678251	111678280	21	11	15	12	0|0	0.929935093999957	NA
chr15	23839753	23839780	24	28	11	9	0|0	0.929935093999948	NA
chr16	3851304	3852086	27	12	17	21	0|0	0.929935093999945	NA
chrX	152697676	152722136	190	41	0	0	0	0.929935093999899	NA
chr19	32326335	32326362	28	12	24	31	0|0	0.92993509399989	NA
chr17	41370925	41370947	23	35	13	35	0|0	0.929935093999862	NA
chr4	39404170	39404196	23	11	15	24	0|0	0.929935093999831	NA
chr1	9829475	9829507	23	11	11	21	0|0	0.929935093999809	NA
chr17	37895923	37924528	125	29	42	102	0|0	0.92993509399978	NA
chr11	65483133	65483337	18	10	13	14	0|0	0.929935093999738	NA
chr15	82693908	82694711	24	11	16	16	0|0	0.929935093999666	NA
chr5	176409292	176409320	24	11	25	20	0|0	0.929935093999666	NA
chr12	50499146	50499189	24	11	10	14	0|0	0.929935093999657	NA
chr15	23223011	23339839	318	63	150	164	0|0	0.929935093999535	NA
chr2	178472853	178472880	24	26	20	10	0|0	0.929935093999486	NA
chr19	29826042	29826382	19	10	18	17	0|0	0.929935093999481	NA
chrX	1	1862778	28318	70801	0	0	0	0.929935093999165	NA
chrX	1	3524097	40692	120506	0	0	0	0.929935093999165	NA
chrX	131361	3524013	40381	120225	0	0	0	0.929935093999165	NA
chr7	138722983	138723082	21	14	10	8	0|0	0.929935093998762	NA
chr8	106939562	106939607	19	12	10	8	0|0	0.929935093998761	NA
chr3	155067202	155067225	32	12	37	35	0|0	0.929935093998331	NA
chr11	122661861	122661922	21	10	14	9	0|0	0.929935093997565	NA
chr2	228030515	228030564	22	10	13	18	0|0	0.929935093995978	NA
chr22	42046057	42047293	19	25	8	12	0|0	0.929935093995153	NA
chr16	16369059	16390818	17	25	11	29	0|0	0.929935093994928	NA
chr20	49991717	49991744	21	27	18	9	0|0	0.929935093993822	NA
chr11	38492788	38492808	19	15	19	9	0|0	0.929935093987775	NA
chr22	42722159	42722189	30	25	7	7	0|0	0.929935093984948	NA
chr15	63281532	63281557	21	19	8	14	0|0	0.92993509398102	NA
chrX	149656689	149679670	80	20	0	0	0	0.929935093965143	NA
chrX	149656689	149679670	80	20	0	0	0	0.929935093965143	NA
chr6	15230749	15230777	20	9	23	24	0|0	0.929935093951618	NA
chr8	123418449	123418475	19	11	11	7	0|0	0.929935093884607	NA
chr2	159844325	159844662	27	10	12	22	0|0	0.929935093877979	NA
chrX	106175042	106175068	20	9	0	0	0	0.929935093854853	NA
chr16	38265908	46401645	28	10	10	27	0|0	0.929935093697539	NA
chr2	241425526	241425663	19	21	9	24	0|0	0.929935093629117	NA
chr2	240675925	240692275	441	83	289	241	0|0	0.929935093539092	NA
chrX	7842965	7844092	45	13	0	0	0	0.929935093242106	NA
chrY	18497144	18621465	51	14	0	0	0	0.92993509303404	NA
chr14	69406685	69406710	20	8	27	19	0|0	0.929935091721208	NA
chr4	96128799	96128838	24	22	22	8	0|0	0.929935089538666	NA
chr12	80450873	80454360	27	9	16	30	0|0	0.929935088252868	NA
chr1	245942357	245943198	23	36	10	34	0|0	0.929935086752847	NA
chr8	8035048	8078570	160	68	67	356	0|0	0.929935085344417	NA
chrX	152697676	152708339	186	37	0	0	0	0.929935060973994	NA
chr18	32317395	32317421	19	7	13	17	0|0	0.929935039758928	NA
chr1	62307481	62307501	27	8	29	14	0|0	0.929934823311693	NA
chr16	90161764	90194469	113	23	127	26	0|0	0.929934376970558	NA
chr16	48057312	48057345	20	11	4	8	0|0	0.929933538004616	NA
chr10	41848267	41848728	37	9	31	43	0|0	0.929929804697009	NA
chr22	18730579	18738668	26	7	15	22	0|0	0.929928650970287	NA
chr1	144729966	144859115	50	11	36	70	0|0	0.929918092364257	NA
chr17	81587552	81587646	24	6	16	19	0|0	0.929857596892934	NA
chr4	145693796	145694418	25	6	22	15	0|0	0.929781757675945	NA
chr8	2191271	2191509	14	8	6	27	0|0	0.929634945287025	NA
chr2	77853612	77853706	19	4	14	11	0|0	0.924302025200829	NA
chrX	72839164	72911806	93	17	0	0	0	0.904669454020556	NA
chrX	6218783	6219713	22	4	0	0	0	0.814548747123477	NA
chr22	18615222	18738668	245	43	91	152	0|0	0.697613387913994	NA
chr16	90161764	90182853	102	13	120	18	1|1	0.66666979543439	NA
chr16	90161197	90182874	102	13	121	18	1|1	0.666668246397491	NA
chr9	61856759	61870485	97	2	137	4	1|1	0.666666666666667	NA
chr16	18382068	18390736	208	30	28	251	1|1	0.666666666663581	NA
chr10	41849349	42082350	5	16	2	16	0|0	0.497479970195699	NA
chr1	121745225	121776125	30	363	378	98	0|0	1	NA
chr1	121840183	121896751	3	162	41	169	0|0	1	NA
chr1	121840183	121908940	4	176	47	181	0|0	1	NA
chr1	121931424	121955859	3	97	109	27	0|0	1	NA
chr1	125181887	146162454	1120	22638	15834	17278	0|0	1	NA
chr1	143257202	144693584	500	9641	6763	7537	0|0	1	NA
chr1	143262561	144140289	461	8104	5652	6321	0|0	1	NA
chr1	228609523	228622813	4	501	400	137	0|0	1	NA
chr10	41845370	47480915	16020	121432	57612	87717	0|0	1	NA
chr10	42200174	47478375	15832	119986	56754	86765	0|0	1	NA
chr11	21156280	21197203	1	407	87	254	0|0	1	NA
chr13	112286191	112290473	4	225	43	122	0|0	1	NA
chr16	34062037	34521119	186	3496	1977	2010	0|0	1	NA
chr16	34085037	34521119	172	3159	1773	1828	0|0	1	NA
chr17	21826651	21971976	601	4445	2668	2754	0|0	1	NA
chr17	21968616	22122622	214	1438	918	906	0|0	1	NA
chr17	22375881	22405145	11	457	356	84	0|0	1	NA
chr17	36332451	36461542	31	267	226	79	0|0	1	NA
chr17	41349803	41370944	27	305	305	80	0|0	1	NA
chr18	1	111935	147	1519	1016	973	0|0	1	NA
chr18	20912645	21061030	32	1097	699	544	0|0	1	NA
chr18	20913961	21061030	32	1091	699	540	0|0	1	NA
chr19	8739090	8788039	9	326	75	291	0|0	1	NA
chr19	36302702	36313925	10	332	63	292	0|0	1	NA
chr19	38739144	38772567	22	762	370	359	0|0	1	NA
chr2	110390653	110432998	9	104	32	108	0|0	1	NA
chr20	23186839	23203403	6	469	236	79	0|0	1	NA
chr20	29262105	29339036	363	2202	923	932	0|0	1	NA
chr20	29262105	29889165	1468	14975	6170	6250	0|0	1	NA
chr20	30811909	31099232	805	5268	2190	2204	0|0	1	NA
chr20	30811909	31105514	812	5313	2202	2226	0|0	1	NA
chr20	30811909	31241165	1328	8074	3420	3423	0|0	1	NA
chr4	9259219	9324433	4	507	363	85	0|0	1	NA
chr4	9264790	9324433	2	506	362	84	0|0	1	NA
chr4	9264790	9351195	2	540	368	136	0|0	1	NA
chr5	138583615	138593008	5	103	61	67	0|0	1	NA
chr7	139665553	139670603	0	48	47	24	0|0	1	NA
chr8	6995579	7010219	3	197	296	76	0|0	1	NA
chrX	154615072	156040895	4737	27303	0	0	0	1	NA
chrY	9917251	11721774	1195	16632	0	0	0	1	NA
chrY	10121991	11748125	1105	12792	0	0	0	1	NA
chrY	10123117	10923660	271	3557	0	0	0	1	NA
chrY	10924022	11117439	61	1200	0	0	0	1	NA
chrY	11176226	11454849	416	4096	0	0	0	1	NA
chrY	56763289	57227415	28	213	0	0	0	1	NA
chr22	16040268	16047152	7	370	301	58	0|0	0.999999999928761	NA
chr22	16302955	16351068	40	358	305	57	0|0	0.999999948555258	NA
chr2	88858355	88966479	22	826	111	612	0|0	0.999999770069619	NA
chr10	114138282	114141656	0	23	5	16	0|0	0.999998871908399	NA
chr18	21057316	21061035	0	7	6	5	0|0	0.999684286307482	NA
chr1	121775997	121797691	0	26	6	34	0|0	0.995968854565706	NA
chr18	15797035	15805747	0	9	6	1	0|0	0.995373221494909	NA
chr1	121798306	121839713	15	87	94	30	0|0	0.993084825085315	NA
chr7	98026328	98028610	4	28	31	5	0|0	0.986956143338257	NA
chr16	20498295	20538711	13	344	49	308	0|0	0.981512267609482	NA
chr16	32427717	32889498	139	1003	155	1057	0|0	0.981512267574081	NA
chr11	54537538	54540653	0	57	43	0	0|0	0.981512267574081	NA
chr14	106075205	106112983	2	56	2	54	0|0	0.98151226757408	NA
chr14	40141021	40147950	0	69	0	66	0|0	0.981512267574068	NA
chr1	15595853	15610491	4	158	190	1	0|0	0.981512267574068	NA
chr1	109684634	109698895	5	466	6	584	0|0	0.981512267574068	NA
chr1	196763846	196833732	8	363	6	390	0|0	0.981512267574068	NA
chr1	196763846	196835679	8	368	6	392	0|0	0.981512267574068	NA
chr1	247548994	247570580	1	170	5	151	0|0	0.981512267574068	NA
chr1	248576985	248638567	33	458	462	5	0|0	0.981512267574068	NA
chr1	248576985	248638763	33	460	463	5	0|0	0.981512267574068	NA
chr10	53024509	53029133	2	72	74	0	0|0	0.981512267574068	NA
chr10	83785524	83792153	5	126	2	115	0|0	0.981512267574068	NA
chr10	98928827	98941669	0	114	2	132	0|0	0.981512267574068	NA
chr10	98928827	98941669	0	114	2	132	0|0	0.981512267574068	NA
chr11	5764643	5788030	1	163	142	1	0|0	0.981512267574068	NA
chr11	7789538	7811911	0	185	4	168	0|0	0.981512267574068	NA
chr11	7789754	7811911	0	181	2	167	0|0	0.981512267574068	NA
chr11	55654424	55836932	14	1168	13	1177	0|0	0.981512267574068	NA
chr11	55654849	55836932	14	1162	10	1172	0|0	0.981512267574068	NA
chr11	83417401	83424862	2	137	0	142	0|0	0.981512267574068	NA
chr12	8405903	8439300	16	513	34	471	0|0	0.981512267574068	NA
chr12	9479241	9581968	40	689	689	18	0|0	0.981512267574068	NA
chr12	9479241	9582314	40	690	690	19	0|0	0.981512267574068	NA
chr12	131645924	131653025	3	126	128	1	0|0	0.981512267574068	NA
chr13	18754612	18773347	5	217	208	6	0|0	0.981512267574068	NA
chr13	18754612	18773633	5	217	209	6	0|0	0.981512267574068	NA
chr14	20881406	20944326	9	834	714	23	0|0	0.981512267574068	NA
chr14	20881406	20944872	9	834	716	23	0|0	0.981512267574068	NA
chr14	106692771	106741129	11	283	339	19	0|0	0.981512267574068	NA
chr15	34421568	34548119	23	1092	29	929	0|0	0.981512267574068	NA
chr15	44839582	44853370	6	140	108	3	0|0	0.981512267574068	NA
chr15	44840301	44853370	6	134	100	3	0|0	0.981512267574068	NA
chr16	20501922	20522425	3	235	2	252	0|0	0.981512267574068	NA
chr17	41265251	41275964	1	99	102	2	0|0	0.981512267574068	NA
chr17	41265391	41276197	1	101	103	2	0|0	0.981512267574068	NA
chr17	41350452	41369651	4	202	254	5	0|0	0.981512267574068	NA
chr17	46295145	46530610	26	338	42	304	0|0	0.981512267574068	NA
chr18	15796306	15797028	2	113	124	4	0|0	0.981512267574068	NA
chr18	15796306	15797028	2	113	124	4	0|0	0.981512267574068	NA
chr19	51631188	51645856	4	177	176	0	0|0	0.981512267574068	NA
chr19	51631188	51646358	4	181	177	0	0|0	0.981512267574068	NA
chr2	35354228	35391404	0	359	34	313	0|0	0.981512267574068	NA
chr2	35355714	35391404	0	310	13	290	0|0	0.981512267574068	NA
chr2	35750506	35771922	4	174	4	161	0|0	0.981512267574068	NA
chr2	202430497	202448281	2	79	4	113	0|0	0.981512267574068	NA
chr2	202430497	202448901	2	85	6	114	0|0	0.981512267574068	NA
chr20	1580106	1613619	7	525	324	10	0|0	0.981512267574068	NA
chr20	1581365	1613619	7	514	316	9	0|0	0.981512267574068	NA
chr20	23187626	23195943	0	174	129	1	0|0	0.981512267574068	NA
chr3	46754195	46809445	8	394	3	394	0|0	0.981512267574068	NA
chr3	50904952	50918438	3	174	191	2	0|0	0.981512267574068	NA
chr3	50904952	50918438	3	174	191	2	0|0	0.981512267574068	NA
chr3	90668608	90720898	4	87	132	3	0|0	0.981512267574068	NA
chr3	90668608	90720898	4	87	132	3	0|0	0.981512267574068	NA
chr3	129356613	129365081	15	222	32	264	0|0	0.981512267574068	NA
chr3	137310705	137323748	1	109	140	4	0|0	0.981512267574068	NA
chr3	162794408	162906766	2	578	762	5	0|0	0.981512267574068	NA
chr3	162794408	162906766	2	578	762	5	0|0	0.981512267574068	NA
chr3	162794408	162906766	2	578	762	5	0|0	0.981512267574068	NA
chr4	10209490	10233423	2	534	5	556	0|0	0.981512267574068	NA
chr4	68507758	68624845	8	811	965	27	0|0	0.981512267574068	NA
chr4	68507758	68626719	8	828	976	29	0|0	0.981512267574068	NA
chr4	68508539	68625637	8	815	969	28	0|0	0.981512267574068	NA
chr4	69394378	69411162	6	109	2	133	0|0	0.981512267574068	NA
chr4	186432679	186436753	2	161	10	143	0|0	0.981512267574068	NA
chr5	181273236	181288713	6	237	1	217	0|0	0.981512267574068	NA
chr6	22167726	22176181	0	115	136	2	0|0	0.981512267574068	NA
chr6	78169302	78189034	4	137	138	4	0|0	0.981512267574068	NA
chr7	6860911	6884120	10	357	21	420	0|0	0.981512267574068	NA
chr7	104824949	104835175	0	124	114	2	0|0	0.981512267574068	NA
chr8	7295947	7396501	16	167	264	22	0|0	0.981512267574068	NA
chr8	7298160	7396802	16	165	264	21	0|0	0.981512267574068	NA
chr8	25114836	25133383	6	164	123	1	0|0	0.981512267574068	NA
chr9	39200498	39302417	3	75	5	99	0|0	0.981512267574068	NA
chr9	65857213	65889043	2	83	6	98	0|0	0.981512267574068	NA
chr6	44544464	44547960	0	44	62	0	0|0	0.981512267574061	NA
chr4	29222254	29232447	1	49	71	0	0|0	0.981512267574058	NA
chr16	66702171	66705340	0	42	48	0	0|0	0.981512267574043	NA
chr21	25804761	25807688	0	41	44	0	0|0	0.981512267574024	NA
chr17	69348388	69352383	0	40	0	52	0|0	0.981512267573967	NA
chr2	17404812	17410018	0	40	65	2	0|0	0.981512267573966	NA
chr19	24274436	24281967	0	38	55	0	0|0	0.981512267573672	NA
chr3	114937804	114947607	0	38	54	0	0|0	0.981512267573672	NA
chr6	85914414	85915990	0	34	0	42	0|0	0.981512267568021	NA
chr11	58690539	58694113	0	29	47	0	0|0	0.981512267389828	NA
chr21	6506463	6540685	1	29	0	44	0|0	0.981512258896398	NA
chr15	101880403	101889424	10	66	61	2	0|0	0.981405384622628	NA
chr3	20301382	20301413	0	1	0	0	0|0	0.973234539177483	NA
chr2	179547683	179556118	8	48	0	58	0|0	0.971197952636073	NA
chr8	7432477	7442525	1	7	23	3	0|0	0.955894271405519	NA
