chr	start	end	CC_counts_W	CC_counts_C	WC_counts_W	WC_counts_C	genotype	probability
chr1	13104310	13122300	149	166	191	0	1|0	1
chr1	108311832	108413037	531	524	13	830	0|1	1
chr1	148891846	149229929	1258	1760	275	2219	0|1	1
chr1	149825866	149864067	85	76	8	80	0|1	0.99999999983724
chr10	4963342	5003451	334	372	19	536	0|1	1
chr10	37103754	37113528	98	86	146	9	1|0	1
chr13	63727367	63760841	191	185	2	320	0|1	1
chr16	1236513	1254727	89	49	24	163	0|1	0.999999920294311
chr16	14769189	15377775	1456	1866	501	4219	0|1	1
chr16	32790679	33540870	721	896	2108	275	1|0	1
chr16	85155108	85156194	11	12	22	0	1|0	0.999999420611296
chr17	18423506	18512829	373	455	761	57	1|0	1
chr17	30621716	30625809	31	26	0	50	0|1	0.999999999999997
chr2	95773379	96033749	1601	1481	3902	219	1|0	1
chr2	138247262	138251292	29	26	72	2	1|0	1
chr22	23949470	23963321	22	37	2	88	0|1	1
chr4	40233334	40235450	13	13	3	42	0|1	0.999999910771751
chr6	26738682	26763103	203	201	423	10	1|0	1
chr7	72976532	75415215	13150	13523	1307	24998	0|1	1
chr7	97437020	97460380	129	193	334	9	1|0	1
chr8	2250154	2479751	489	362	577	52	1|0	1
chr8	8230468	12095842	42112	44001	1006	58980	0|1	1
chr8	12284715	12327290	131	88	4	149	0|1	1
chr8	12327903	12393421	347	362	8	537	0|1	1
chr9	30951811	30956681	41	36	4	104	0|1	1
chr9	123977744	123993326	147	124	6	309	0|1	1
chrX	6218929	6220353	8	18	33	4	1|0	0.997873756985613
chrX	51685762	51700475	60	83	219	8	1|0	1
chrX	52070847	52192188	802	804	2193	11	1|0	1
chrX	55480280	55494262	98	86	9	382	0|1	1
chrX	73004367	73079523	470	384	19	1572	0|1	1
chrX	102259696	102405716	113	72	324	51	1|0	0.999999998311353
chrX	103977469	104062961	466	438	30	1613	0|1	1
chrX	106269331	106298502	78	78	237	19	1|0	1
chrX	135147415	135225242	402	430	9	1592	0|1	1
chrX	152720403	152749366	122	135	474	16	1|0	1
chr1	120319721	120586385	1896	81	783	801	1|1	1
chr1	144077028	144882807	1308	121	536	648	1|1	1
chr1	248519447	248530939	166	8	57	57	1|1	1
chr11	4274739	4292523	147	18	60	64	1|1	0.999999999999659
chr11	50132879	50347138	4029	35	1754	1894	1|1	1
chr11	62095373	62100677	27	2	23	16	1|1	0.999933296422374
chr12	12391851	12394020	33	4	16	19	1|1	0.997134325425219
chr12	13392985	13397705	18	1	10	8	1|1	0.99938749745838
chr13	18215202	18357590	1917	69	957	1043	1|1	1
chr14	34547916	34555189	89	1	45	47	1|1	1
chr15	23252404	23312907	145	5	109	97	1|1	1
chr15	84238876	84506039	572	90	325	325	1|1	1
chr2	110095043	110590921	1461	164	1574	438	1|1	1
chr22	21442965	21496091	330	20	263	229	1|1	1
chr3	44699174	44700805	18	1	11	4	1|1	0.999300773783475
chr4	87925967	87937050	172	3	83	102	1|1	1
chr4	145693822	145694599	7	0	3	3	1|1	0.978440715936355
chr6	89213915	89214239	12	0	3	3	1|1	0.999238118734913
chr6	106721254	106723188	24	0	8	10	1|1	0.99999980074029
chr7	54231737	54316407	1225	12	699	736	1|1	1
chr7	62156625	62233976	966	79	694	615	1|1	1
chr7	70961198	70973894	315	4	141	150	1|1	1
chr7	107418031	107423297	28	2	13	17	1|1	0.999966316630092
chr8	6297671	6299977	30	4	7	17	1|1	0.978244160495314
chr9	40691369	40868523	1028	151	790	724	1|1	1
chr9	41768334	42093866	912	120	633	591	1|1	1
chrX	52498927	52512444	165	13	126	143	1|1	1
chrX	52920148	52935790	191	1	131	186	1|1	1
chrX	76146142	76148988	33	1	41	33	1|1	0.99999997831474
chrX	101599700	101611389	110	5	114	94	1|1	1
chrX	149671972	149735388	646	37	561	650	1|1	1
chrX	153149250	153250542	1421	28	1269	1196	1|1	1
chr14	65374516	65377987	5	32	36	21	0|0	0.936228146164185
chr10	13063000	13063272	0	3	1	4	0|0	0.892204585858048
chr4	106396004	106399253	5	31	13	29	0|0	0.886262284895554
chr12	39466290	39466514	0	4	1	0	0|0	0.819219982554409
chr5	181098356	181102201	0	19	33	4	0|0	0.681498316279995
chr5	148174677	148175214	0	0	4	0	1|0	0.594605384079838
chr10	57497898	57498195	3	0	0	4	0|1	0.592922171576648
chr8	8196161	8230466	342	35	25	230	0|1	0.560975610361096
chr21	26647154	26650648	7	36	10	26	0|0	0.458856074208366
chr2	50587051	50589804	6	30	28	26	0|0	0.455101318184769
chr12	49788829	49789146	0	0	2	0	1|0	0.45238308385979
chr17	5981170	5984654	9	47	32	11	0|0	0.451692452510254
chr19	16056196	16058829	6	28	21	17	0|0	0.439262557197182
chr9	113104588	113119860	9	44	36	31	0|0	0.436020556160643
chr7	40838612	40840870	6	11	9	26	0|0	0.433628366402705
chrX	72855897	72874910	8	20	24	37	0|0	0.433628328250003
chr21	26000477	26003856	16	59	25	33	0|0	0.433628319075735
chr9	66591387	67320553	499	2744	1840	1967	0|0	0.433628319000015
chr16	74408184	74419503	27	109	150	49	0|0	0.433628319000009
chr10	50751431	50776265	76	352	180	178	0|0	0.433628319000003
chr11	89791414	90024201	254	913	438	466	0|0	0.433628319000003
chr14	18601518	18652308	118	346	230	183	0|0	0.433628319000003
chr15	21032464	21073547	251	70	211	144	0|0	0.433628319000003
chr15	21836222	22618492	1267	796	825	1246	0|0	0.433628319000003
chr16	18189389	18436487	141	711	533	684	0|0	0.433628319000003
chr17	21400640	21450526	243	680	463	422	0|0	0.433628319000003
chr17	21687297	21824188	770	1697	1165	1150	0|0	0.433628319000003
chr7	143711190	143772948	89	408	269	258	0|0	0.433628319000003
chr9	39473588	39822325	422	1116	886	897	0|0	0.433628319000003
chr9	39822327	40678269	1147	600	1262	945	0|0	0.433628319000003
chr9	61785368	62149739	647	240	691	528	0|0	0.433628319000003
chr9	65645191	66183068	592	1005	980	1131	0|0	0.433628319000003
chrX	135713409	135798324	129	190	403	154	0|0	0.433628319000003
chr11	36309611	36309951	15	20	17	21	0|0	0.433628319
chr14	93459856	93460160	0	0	0	0	0|0	0.433628319
chr1	13045881	13068467	37	161	53	48	0|0	0.433628319
chr1	227492259	227500523	35	137	61	53	0|0	0.433628319
chr12	131652899	131663807	80	117	64	105	0|0	0.433628319
chr13	52261419	52289912	97	235	185	120	0|0	0.433628319
chr14	18652959	18712327	241	411	314	220	0|0	0.433628319
chr15	20984202	21021610	283	134	237	233	0|0	0.433628319
chr15	75273163	75278891	81	23	63	54	0|0	0.433628319
chr2	97214646	97497378	458	483	461	773	0|0	0.433628319
chr2	130533892	130650178	287	311	422	459	0|0	0.433628319
chr2	240672311	240700084	99	166	99	261	0|0	0.433628319
chr20	26061210	26091730	122	152	60	164	0|0	0.433628319
chr4	162656318	162659248	17	45	41	38	0|0	0.433628319
chr5	64470811	64477818	105	32	108	61	0|0	0.433628319
chr7	56937311	57086047	416	550	538	491	0|0	0.433628319
chr7	63487699	63651382	414	688	571	625	0|0	0.433628319
chr7	150000281	150005158	67	106	69	81	0|0	0.433628319
chr8	7765525	7912385	457	612	455	266	0|0	0.433628319
chr8	12158093	12226511	276	338	166	256	0|0	0.433628319
chr9	61128340	61231967	375	256	393	419	0|0	0.433628319
chr9	62420001	62487139	104	62	107	152	0|0	0.433628319
chrX	153066014	153084051	19	51	79	50	0|0	0.433628319
chr19	50604046	50609088	20	55	23	86	0|0	0.433628318999997
chr10	47467226	47780369	1357	1873	1925	787	0|0	0.43362831899999
chr9	42612724	42672932	26	65	72	20	0|0	0.43362831899997
chr16	21567330	22699430	10297	1826	8933	8686	0|0	0.433628318999966
chr18	12143284	12150155	42	13	18	24	0|0	0.433628318974521
chr1	12836750	12878429	25	744	238	260	0|0	1
chr1	157916148	157919336	1	94	40	29	0|0	1
chr1	197786515	197788856	1	81	29	16	0|0	1
chr10	46372318	47419392	1130	17575	6624	8102	0|0	1
chr10	55007429	55013388	1	66	45	36	0|0	1
chr10	65465126	65473910	3	143	76	61	0|0	1
chr10	87238107	87298830	41	300	165	188	0|0	1
chr11	48880467	48899971	1	60	25	38	0|0	1
chr11	66250101	66253619	3	87	33	45	0|0	1
chr12	46896525	46916007	4	359	169	190	0|0	1
chr14	47853926	47856952	1	69	25	29	0|0	1
chr14	60605282	60612178	1	81	74	52	0|0	1
chr15	32153541	32314518	7	164	104	85	0|0	1
chr15	82337122	82527079	22	630	357	322	0|0	1
chr16	18723622	18753202	13	174	146	143	0|0	1
chr16	28457770	28740547	62	2111	1589	1591	0|0	1
chr16	55815554	55835064	9	220	169	168	0|0	1
chr17	18607041	18827456	189	2761	1548	1248	0|0	1
chr17	60024806	60126538	50	1505	675	643	0|0	1
chr2	89032595	89061774	8	235	82	261	0|0	1
chr2	91820048	92039398	240	2286	1672	1904	0|0	1
chr2	95481309	95598040	37	1263	875	812	0|0	1
chr3	131969241	131978043	4	198	90	91	0|0	1
chr3	195615104	195996875	666	6118	2957	2973	0|0	1
chr4	167184943	167197126	7	176	119	101	0|0	1
chr4	187949347	187955833	2	85	54	54	0|0	1
chr5	116011018	116015368	0	64	51	30	0|0	1
chr6	76109065	76158338	8	1063	535	510	0|0	1
chr6	130527040	130531147	0	75	42	36	0|0	1
chr6	167223171	167284150	22	1294	547	573	0|0	1
chr7	5906707	5978872	12	340	176	199	0|0	1
chr7	5978874	6747083	121	11261	6257	6041	0|0	1
chr7	57777902	58068779	229	6143	3531	3541	0|0	1
chr7	61579455	61816965	160	2095	1888	1034	0|0	1
chr7	62291688	62373989	148	1918	1232	1165	0|0	1
chr7	63367442	63382454	2	194	139	118	0|0	1
chr7	65120279	65503542	84	5034	2656	2689	0|0	1
chr7	129178544	129181125	0	54	29	23	0|0	1
chr9	42273791	42294357	6	241	126	155	0|0	1
chr9	64724183	65025124	115	1427	956	1035	0|0	1
chr9	87918874	88139672	73	3337	1914	1911	0|0	1
chr9	102565838	102570255	2	68	35	52	0|0	1
chrX	63182029	63198950	3	108	90	94	0|0	1
chrX	120075637	120172547	18	812	847	788	0|0	1
chrX	135623456	135670276	12	762	650	621	0|0	1
chrX	149615316	149663655	24	642	552	587	0|0	1
chrX	149742318	149776625	14	280	256	234	0|0	1
chrX	154346996	154385012	15	527	469	501	0|0	1
chrX	154591724	154613549	3	342	331	326	0|0	1
chr2	128926439	128928541	0	47	21	32	0|0	0.999999999999993
chr13	37314911	37318147	0	46	45	27	0|0	0.999999999999986
chr17	14756063	14759055	2	57	32	33	0|0	0.99999999999998
chr6	168390177	168392202	1	51	13	27	0|0	0.999999999999975
chr4	133003137	133008095	1	47	26	21	0|0	0.999999999999624
chrX	48396037	48399308	0	41	13	30	0|0	0.999999999999549
chr6	168692356	168695795	0	40	14	31	0|0	0.999999999999119
chr7	65514658	65525344	6	72	41	39	0|0	0.999999999995056
chrX	5811083	5812751	0	37	15	24	0|0	0.999999999993158
chr7	151312948	151315017	2	47	21	26	0|0	0.999999999980826
chr6	12430507	12433398	1	41	24	39	0|0	0.999999999977318
chr7	47614243	47615360	0	35	10	16	0|0	0.999999999973111
chr12	71546054	71547817	1	40	22	18	0|0	0.999999999955079
chr12	71314623	71317616	6	67	22	29	0|0	0.999999999849425
chr9	105053366	105056276	3	48	30	29	0|0	0.999999999506295
chr2	183703965	183707282	0	30	24	23	0|0	0.999999999182601
chr1	92795193	92798124	1	35	11	17	0|0	0.999999998631651
chr1	239952717	239953380	0	33	6	8	0|0	0.999999998315588
chr1	80327754	80330649	0	28	14	12	0|0	0.999999996794206
chr18	13918346	13919778	0	28	18	16	0|0	0.999999996794206
chr12	65423608	65426407	0	28	11	18	0|0	0.999999996794202
chr14	40905661	40908696	2	39	21	17	0|0	0.999999995463629
chr13	85728870	85731234	0	27	11	22	0|0	0.999999993651213
chr12	127905269	127908444	0	26	14	11	0|0	0.999999987427057
chr10	98733702	98735970	5	54	26	14	0|0	0.99999997871891
chr5	170170693	170171747	0	25	22	15	0|0	0.999999975100674
chr8	137117242	137119322	0	25	7	14	0|0	0.99999997323268
chr2	16225238	16226719	2	36	9	12	0|0	0.999999964765935
chr2	124293287	124295662	0	22	12	16	0|0	0.999999806607597
chr1	175231430	175232801	3	39	20	16	0|0	0.999999768674547
chr3	43793602	43794494	0	22	6	14	0|0	0.999999711351972
chr6	128959877	128962183	1	27	9	16	0|0	0.999999676253657
chr3	191115781	191116229	0	20	9	12	0|0	0.999999241526545
chr2	221701999	221704407	0	19	21	15	0|0	0.999998497929341
chr20	10807400	10808751	0	18	12	9	0|0	0.999997025322339
chr12	71139014	71139972	0	17	9	8	0|0	0.999994109008579
chr3	104587454	104589764	1	22	15	13	0|0	0.999990138407868
chr16	69727904	69728986	0	14	7	13	0|0	0.99995424709825
chr16	48616898	48617568	0	11	12	8	0|0	0.999644839779326
chr1	16336814	16338757	3	28	9	14	0|0	0.999575228930775
chr3	41319548	41322314	7	48	38	25	0|0	0.996681242079549
chr2	143314030	143316598	2	18	12	14	0|0	0.992369007740387
chr1	43592391	43594266	5	35	18	12	0|0	0.990896281341024
chr5	46435513	46565431	0	6	3	6	0|0	0.98932341611862
chr17	34851268	34855093	0	66	44	39	0|0	1
chr9	63372675	63409565	6	140	86	94	0|0	1
chr6	94028880	94031298	0	50	34	40	0|0	0.999999999999999
chr8	102423264	102424231	0	26	6	11	0|0	0.999999975162872
chr1	187494615	187498431	0	17	11	3	0|0	0.998376097347183
