chr	start	end	CC_counts_W	CC_counts_C	WC_counts_W	WC_counts_C	genotype	probability	low_read_density
chr1	12836750	12878429	4	302	247	13	0|0	0.720588235229887	NA
chr1	13045881	13068467	2	64	27	17	0|0	1	NA
chr1	13104310	13122300	1	284	138	113	0|0	1	NA
chr1	16329814	16338211	0	78	21	39	0|0	1	NA
chr1	43592391	43595367	6	73	30	33	0|0	0.999999999998824	NA
chr1	80327754	80330649	4	16	11	6	0|0	0.500872200220014	NA
chr1	92795193	92798124	0	29	18	11	0|0	0.999999998697948	NA
chr1	108311832	108413037	968	20	408	423	1|1	1	NA
chr1	120223481	120684157	2153	343	1173	993	1|1	1	NA
chr1	144077028	144882807	132	1324	686	686	0|0	1	NA
chr1	148891846	149229929	2424	224	1444	1171	1|1	1	NA
chr1	149820003	149876338	83	100	128	18	1|0	0.999999976261293	NA
chr1	157916148	157919336	1	72	32	38	0|0	1	NA
chr1	175231430	175232801	4	35	17	13	0|0	0.999900238363282	NA
chr1	187497343	187497605	3	0	0	0	1|1	0.483890548078472	NA
chr1	197786515	197789904	1	102	40	39	0|0	1	NA
chr1	227492259	227500523	50	86	39	90	0|0	0.494949495	NA
chr1	239952717	239953380	0	24	14	11	0|0	0.999999960536358	NA
chr1	248519447	248530939	64	62	2	132	0|1	1	NA
chr10	4951216	5015194	43	768	428	423	0|0	1	NA
chr10	13062188	13063104	1	15	15	14	0|0	0.999153014350166	NA
chr10	37103754	37113528	58	75	13	137	0|1	1	NA
chr10	46372318	47419392	897	13339	7408	7153	0|0	1	NA
chr10	47467226	47780369	299	1541	1033	968	0|0	0.494949494999996	NA
chr10	50751431	50776265	58	220	151	166	0|0	0.494949495	NA
chr10	55007329	55012883	19	17	43	0	1|0	0.999999999999618	NA
chr10	57497898	57498223	2	0	3	2	1|1	0.54836766153321	NA
chr10	65463858	65475868	1	144	71	80	0|0	1	NA
chr10	87238107	87298830	51	263	134	139	0|0	0.494949543434952	NA
chr10	98733702	98735970	0	30	20	13	0|0	0.999999999341871	NA
chr11	4274130	4292550	107	21	86	67	0|0	0.494885286395933	NA
chr11	36309611	36309951	13	15	21	21	0|0	0.494949495	NA
chr11	48880467	48899971	0	42	29	21	0|0	0.999999999999817	NA
chr11	50132556	50347138	3126	48	1554	1436	1|1	1	NA
chr11	62095361	62100626	39	0	24	13	1|1	0.999999999989929	NA
chr11	66250101	66253619	0	65	44	55	0|0	1	NA
chr11	89744798	90095507	339	1373	647	897	0|0	0.494949494999996	NA
chr12	12392142	12393644	9	0	6	8	1|1	0.992261845424643	NA
chr12	13389468	13398643	13	44	29	24	0|0	0.494949496214089	NA
chr12	39466254	39466531	0	6	1	1	0|0	0.983433753058825	NA
chr12	46896485	46916160	3	271	118	136	0|0	1	NA
chr12	49788783	49789348	0	1	1	0	0|0	0.673450846162868	NA
chr12	65423608	65426407	0	15	17	6	0|0	0.999980603882981	NA
chr12	71139014	71139972	4	25	14	11	0|0	0.922417670960463	NA
chr12	71314623	71317616	1	39	29	33	0|0	0.999999999934377	NA
chr12	71541193	71552738	0	169	90	82	0|0	1	NA
chr12	127905269	127908444	0	9	7	4	0|0	0.998901088536398	NA
chr12	131652899	131663807	87	112	88	70	0|0	0.494949495	NA
chr13	18215202	18357590	1993	484	1540	1283	0|0	0.494949495000024	NA
chr13	37314464	37318514	1	56	33	27	0|0	0.999999999999999	NA
chr13	52215009	52595850	280	3242	1760	1821	0|0	1	NA
chr13	63716793	63769525	4	376	134	166	0|0	1	NA
chr13	85728870	85731234	0	22	7	10	0|0	0.999999845341219	NA
chr14	18601518	18652308	94	272	129	159	0|0	0.494949495	NA
chr14	18652959	18712327	154	303	107	255	0|0	0.494949495	NA
chr14	34545248	34562456	2	95	37	27	0|0	1	NA
chr14	40905661	40908696	0	24	2	8	0|0	0.989774885659112	NA
chr14	47853926	47856952	3	38	17	13	0|0	0.999999721690518	NA
chr14	60604530	60613253	2	146	56	49	0|0	1	NA
chr14	65374516	65377987	3	46	12	13	0|0	0.999999998814197	NA
chr14	93459758	93460230	1	0	0	0	1|1	0.289572726821402	NA
chr15	20984202	21021610	164	7	108	98	1|1	1	NA
chr15	21032464	21073547	223	8	88	170	1|1	1	NA
chr15	21836222	22618492	564	1378	1053	1092	0|0	0.494949494999996	NA
chr15	23252404	23312907	66	78	140	12	1|0	1	NA
chr15	32153541	32314518	9	155	93	138	0|0	1	NA
chr15	75273163	75278891	74	33	57	92	0|0	0.494949495	NA
chr15	82337122	82527079	12	508	247	267	0|0	1	NA
chr15	84267648	84513678	325	314	146	665	0|0	0.494949494999996	NA
chr16	1232543	1248517	134	13	82	113	1|1	1	NA
chr16	14769189	15377775	1676	1975	276	4316	0|1	1	NA
chr16	16210630	18436487	10979	11994	1709	28905	0|1	1	NA
chr16	18723622	18753202	10	216	152	152	0|0	1	NA
chr16	21567330	22701560	10193	2021	8360	8858	0|0	0.494949494999912	NA
chr16	28457770	28740547	1264	1247	3340	338	1|0	1	NA
chr16	32790679	33540870	119	1552	1187	1165	0|0	1	NA
chr16	48616897	48617754	0	8	5	8	0|0	0.997835365250954	NA
chr16	55766401	55837260	260	312	389	398	0|0	0.494949495	NA
chr16	69727516	69728993	0	14	19	21	0|0	0.999963749793037	NA
chr16	74408184	74419503	71	161	101	167	0|0	0.494949495	NA
chr16	85154003	85157243	9	55	62	27	0|0	0.976037138921698	NA
chr17	5982462	5983512	7	0	3	4	1|1	0.970411306109005	NA
chr17	14756063	14759055	0	35	27	22	0|0	0.999999999978286	NA
chr17	18423506	18512829	90	949	429	414	0|0	1	NA
chr17	18607041	18827456	61	2299	1099	1076	0|0	1	NA
chr17	21400640	21450526	257	724	451	456	0|0	0.494949495000003	NA
chr17	21687297	21824188	653	1709	1110	1051	0|0	0.494949494999996	NA
chr17	30616145	30631343	25	70	66	7	1|0	0.999999973356133	NA
chr17	34854675	34855873	0	46	21	14	0|0	0.999999999999988	NA
chr17	60024806	60126538	37	1127	560	591	0|0	1	NA
chr18	12141461	12150226	37	45	4	55	0|1	0.999999999512109	NA
chr18	13918346	13919778	1	35	18	13	0|0	0.999999998994653	NA
chr19	16056196	16058829	2	17	16	17	0|0	0.990159693224575	NA
chr19	50604046	50609088	1	61	57	54	0|0	1	NA
chr2	16225238	16226719	4	37	30	35	0|0	0.999974508314986	NA
chr2	50587051	50589804	7	47	19	17	0|0	0.997260651264036	NA
chr2	89032595	89061774	81	222	177	194	0|0	0.494949495	NA
chr2	91820048	92039398	94	2289	1112	1231	0|0	1	NA
chr2	95481309	95598040	609	646	15	1364	0|1	1	NA
chr2	95773379	96033749	149	2788	1559	1517	0|0	1	NA
chr2	97214646	97497378	419	491	310	576	0|0	0.494949495	NA
chr2	110011623	110276244	2404	198	1339	1350	1|1	1	NA
chr2	124293287	124296257	3	34	18	17	0|0	0.999995736341944	NA
chr2	128926439	128929348	1	40	20	15	0|0	0.99999999996683	NA
chr2	130533892	130650178	424	547	401	451	0|0	0.494949495	NA
chr2	138246675	138251784	67	3	29	22	1|1	0.999999999999995	NA
chr2	143314030	143316861	1	19	10	16	0|0	0.999944626805111	NA
chr2	183700313	183707387	15	45	28	14	0|0	0.494949495001121	NA
chr2	221701999	221705483	2	31	14	18	0|0	0.999999286899092	NA
chr2	240672311	240702025	180	210	104	184	0|0	0.494949495	NA
chr20	10806629	10809752	22	61	23	42	0|0	0.494949495	NA
chr20	26061210	26091730	52	228	120	116	0|0	0.494949495000003	NA
chr21	25996380	26001843	0	90	37	22	0|0	1	NA
chr21	26644740	26647806	0	38	18	16	0|0	0.999999999997196	NA
chr22	21442965	21496091	295	279	313	8	1|0	1	NA
chr22	23949470	23963321	5	2	2	4	0|0	0.491906117236621	NA
chr3	41319548	41322987	0	57	22	35	0|0	1	NA
chr3	43789671	43794400	14	128	63	56	0|0	1	NA
chr3	44698573	44701797	16	20	19	22	0|0	0.494949495	NA
chr3	104587454	104589764	1	31	12	11	0|0	0.999999984598117	NA
chr3	131968697	131978538	58	82	162	8	1|0	1	NA
chr3	191115781	191116229	0	15	7	8	0|0	0.999981676321882	NA
chr3	195615104	195996875	773	5559	3562	3004	0|0	1	NA
chr4	40232818	40236154	0	47	22	20	0|0	0.999999999999994	NA
chr4	87925967	87937206	120	3	72	57	1|1	1	NA
chr4	106396004	106399253	0	29	19	12	0|0	0.999999998697958	NA
chr4	133003137	133009292	0	31	9	15	0|0	0.999999999664583	NA
chr4	145693712	145694599	7	3	4	1	0|0	0.439034471528154	NA
chr4	162656318	162659248	8	42	27	18	0|0	0.553317449740706	NA
chr4	167184943	167197126	13	94	50	54	0|0	0.999999678858346	NA
chr4	187949642	187954894	64	2	40	18	1|1	1	NA
chr5	46435513	46565431	0	0	0	0	0|0	0.494949495	NA
chr5	64470695	64477838	151	16	65	60	1|1	1	NA
chr5	116011018	116015368	2	67	22	17	0|0	1	NA
chr5	148174675	148175214	0	5	2	1	0|0	0.975367119233993	NA
chr5	170170693	170171747	1	41	10	18	0|0	0.999999999982772	NA
chr5	181098356	181102201	4	66	21	29	0|0	0.999999999999934	NA
chr6	12431794	12432449	7	6	0	13	0|1	0.99970415620803	NA
chr6	26722648	26781180	76	60	153	8	1|0	1	NA
chr6	76106270	76159073	6	591	507	497	0|0	1	NA
chr6	89212355	89215355	2	18	11	26	0|0	0.994977740509032	NA
chr6	94031731	94036206	0	29	28	30	0|0	0.999999998697958	NA
chr6	106721056	106723039	23	0	12	18	1|1	0.999999445277929	NA
chr6	128959877	128963502	0	39	17	15	0|0	0.999999999998582	NA
chr6	130525181	130535874	2	145	71	112	0|0	1	NA
chr6	167194362	167358477	102	2544	1656	1661	0|0	1	NA
chr6	168390177	168393080	1	50	30	39	0|0	0.999999999999964	NA
chr6	168692356	168695795	0	39	24	15	0|0	0.999999999998582	NA
chr7	5906707	5978872	99	188	126	238	0|0	0.494949495	NA
chr7	5978874	6747083	426	8911	5711	5356	0|0	1	NA
chr7	40833456	40842024	1	40	31	23	0|0	0.99999999996683	NA
chr7	47613072	47616567	4	44	30	23	0|0	0.999999785108544	NA
chr7	54231737	54316407	8	889	574	519	0|0	1	NA
chr7	56937311	57086047	289	825	586	596	0|0	0.494949494999996	NA
chr7	57777902	58068779	171	3841	2110	2159	0|0	1	NA
chr7	61579455	61816965	98	893	554	640	0|0	1	NA
chr7	62156625	62233976	570	33	315	303	1|1	1	NA
chr7	62291688	62373989	777	683	1382	150	1|0	1	NA
chr7	63367442	63382454	123	2	90	100	1|1	1	NA
chr7	63487699	63651382	225	739	537	503	0|0	0.494949494999996	NA
chr7	65120279	65503542	3881	146	2193	2174	1|1	1	NA
chr7	65514658	65525344	28	0	23	13	1|1	0.999999981697792	NA
chr7	70954996	70974536	275	39	215	173	1|1	1	NA
chr7	72949859	75422553	1474	22492	13403	13532	0|0	1	NA
chr7	97436188	97461596	9	338	196	178	0|0	1	NA
chr7	107418904	107422548	12	0	4	15	1|1	0.996607954001816	NA
chr7	129178544	129181125	0	32	12	27	0|0	0.999999999831756	NA
chr7	143711190	143772948	230	192	398	14	1|0	1	NA
chr7	150000281	150005158	62	116	67	85	0|0	0.494949495	NA
chr7	151312948	151315017	4	46	22	18	0|0	0.99999994509772	NA
chr8	2250154	2479751	257	268	87	503	0|1	0.999847831837031	NA
chr8	6297732	6299941	15	1	8	5	1|1	0.994012691853841	NA
chr8	7765525	7912385	239	568	511	447	0|0	0.494949495000003	NA
chr8	8188143	8229911	325	2	87	271	1|1	1	NA
chr8	8230468	12095842	972	59482	34579	33673	0|0	1	NA
chr8	12226487	12233563	84	4	37	46	1|1	1	NA
chr8	12284715	12327290	2	97	55	69	0|0	1	NA
chr8	12327903	12393421	0	603	335	320	0|0	1	NA
chr8	102423261	102423781	0	2	0	4	0|0	0.612731414362816	NA
chr8	137117242	137120366	2	18	10	10	0|0	0.994977740511396	NA
chr9	30951219	30957634	4	66	44	40	0|0	0.999999999999934	NA
chr9	39473588	39822325	254	1397	814	901	0|0	0.494949495392137	NA
chr9	39822327	40678269	1103	805	1153	925	0|0	0.494949495	NA
chr9	40691369	40868523	835	479	1029	535	0|0	0.494949494999996	NA
chr9	41768334	42093866	467	1073	669	875	0|0	0.494949494999996	NA
chr9	42273791	42294357	114	114	128	134	0|0	0.494949495	NA
chr9	42612724	42672932	111	15	64	38	1|1	0.999999955118136	NA
chr9	61128340	61231967	105	181	293	51	1|0	0.972908683148455	NA
chr9	61785368	62149739	511	852	632	905	0|0	0.494949495000003	NA
chr9	62420001	62487139	85	61	114	33	0|0	0.494949495	NA
chr9	63252862	63392265	621	488	461	790	0|0	0.494949495	NA
chr9	64724183	65025124	473	542	1110	109	1|0	1	NA
chr9	65645191	66183068	482	1143	932	1045	0|0	0.494949494999996	NA
chr9	66591387	67320553	2384	1166	2607	1603	0|0	0.494949494999996	NA
chr9	87918874	88139672	82	3356	1659	1556	0|0	1	NA
chr9	102565089	102570284	0	90	35	37	0|0	1	NA
chr9	105050701	105054983	14	106	44	42	0|0	0.999999995864755	NA
chr9	113104588	113119860	12	40	26	38	0|0	0.494949498669191	NA
chr9	123976373	123993780	1	337	138	110	0|0	1	NA
chrX	5811083	5812751	2	38	0	0	0	0.999999997054585	NA
chrX	6218929	6220353	10	0	0	0	1	0.999516601320199	NA
chrX	48396037	48399308	1	37	0	0	0	0.999999999874141	NA
chrX	51669469	51713883	159	4	0	0	1	1	NA
chrX	52070847	52192188	1490	13	0	0	1	1	NA
chrX	52489201	52533696	176	11	0	0	1	1	NA
chrX	52903905	52935831	215	4	0	0	1	1	NA
chrX	55464229	55511347	266	12	0	0	1	1	NA
chrX	63182029	63198950	7	117	0	0	0	1	NA
chrX	72855897	72874910	3	30	0	0	0	0.999967995763458	NA
chrX	73004367	73079523	24	1072	0	0	0	1	NA
chrX	76141674	76153292	0	37	0	0	0	0.999999999997282	NA
chrX	101597522	101616276	105	5	0	0	1	1	NA
chrX	102259696	102405716	228	53	8	5	0	0.571428571000002	NA
chrX	103977469	104062961	1222	55	19	5	1	1	NA
chrX	106266661	106299614	160	23	3	1	1	0.999999999648608	NA
chrX	120075637	120172547	48	1128	14	24	0	1	NA
chrX	135147415	135225242	9	1039	24	32	0	1	NA
chrX	135623456	135670276	17	925	27	40	0	1	NA
chrX	135713409	135798324	56	385	8	17	0	1	NA
chrX	149591230	149663655	1050	49	46	19	1	1	NA
chrX	149671972	149735388	24	883	28	28	0	1	NA
chrX	149742318	149776625	420	21	17	9	1	1	NA
chrX	152705955	152752524	59	413	10	16	0	1	NA
chrX	153066014	153084051	29	84	3	3	0	0.571428570999999	NA
chrX	153121931	153292732	183	1754	60	73	0	1	NA
chrX	154346996	154385012	23	714	10	36	0	1	NA
chrX	154581225	154633196	452	41	29	9	1	1	NA
