chr	start	end	CC_counts_W	CC_counts_C	WC_counts_W	WC_counts_C	genotype	probability
chr1	148891846	149229929	1206	1552	3537	432	1|0	1
chr10	37103754	37113528	85	70	10	166	0|1	1
chr10	46372318	47419392	13030	13497	1293	26238	0|1	1
chr11	48880467	48899971	26	29	4	38	0|1	0.99994346195489
chr13	63727367	63760841	312	244	26	527	0|1	1
chr14	60605282	60612178	66	66	152	0	1|0	1
chr15	84267648	84513678	792	891	1277	194	1|0	1
chr16	48616898	48617568	7	11	19	2	1|0	0.989234989825052
chr16	85155108	85156194	15	16	0	41	0|1	0.999999999998517
chr17	18607041	18827456	1654	1753	3706	120	1|0	1
chr17	60024806	60126538	906	821	94	1904	0|1	1
chr2	95773379	96033749	1908	2067	179	3808	0|1	1
chr2	110076810	110294671	1660	1792	3417	144	1|0	1
chr4	133003137	133008095	12	9	38	1	1|0	0.999999999458187
chr5	64470811	64477818	87	78	164	9	1|0	1
chr6	12431745	12432334	6	13	23	0	1|0	0.999999292466494
chr6	130527040	130531147	58	63	1	127	0|1	1
chr7	54231737	54316407	602	601	1324	9	1|0	1
chr7	70961198	70973894	190	225	462	7	1|0	1
chr8	2250154	2479751	122	226	575	67	1|0	1
chr9	42612724	42672932	71	67	4	207	0|1	1
chr9	62420001	62487139	93	72	24	210	0|1	1
chr9	64724183	65025124	581	557	130	1417	0|1	1
chr9	123977744	123993326	205	220	14	552	0|1	1
chr1	13104310	13122300	294	1	198	168	1|1	1
chr1	108311832	108413037	963	39	550	584	1|1	1
chr1	120319721	120586385	2244	70	1408	1401	1|1	1
chr1	149825866	149864067	145	6	78	111	1|1	1
chr11	62095678	62100676	43	1	25	20	1|1	0.999999999978023
chr12	12391851	12394020	17	2	9	21	1|1	0.950476890391462
chr12	13396840	13397709	15	0	9	7	1|1	0.999907112653128
chr12	71546054	71547817	48	1	24	20	1|1	0.999999999999275
chr13	18215202	18357590	3861	84	1601	1629	1|1	1
chr15	20984202	21021610	583	29	337	153	1|1	1
chr15	23252404	23312907	271	16	110	134	1|1	1
chr16	1236513	1254727	420	49	239	219	1|1	1
chr16	14769189	15377775	5504	716	3507	3016	1|1	1
chr16	21567330	22699430	17447	2792	10699	10464	1|1	1
chr17	30621716	30625809	115	7	64	79	1|1	1
chr18	12143284	12150155	93	15	65	70	1|1	0.991291609903778
chr2	91820048	92039398	3373	250	1904	1915	1|1	1
chr2	138247262	138251292	60	0	38	19	1|1	1
chr22	21442965	21496091	1045	31	536	486	1|1	1
chr22	23949470	23963321	15	0	6	11	1|1	0.999907063405476
chr3	195615104	195996875	9645	1018	6441	7145	1|1	1
chr4	40233407	40235380	31	0	12	9	1|1	0.999999998317613
chr4	87925967	87937050	145	4	74	71	1|1	1
chr5	181098356	181102201	128	15	85	58	1|1	0.999999999999627
chr6	106721208	106723109	42	0	24	10	1|1	0.999999999927319
chr7	62156625	62233976	443	23	260	271	1|1	1
chr7	62291688	62373989	1852	267	1274	1140	1|1	1
chr7	107419751	107422537	18	2	9	8	1|1	0.974219508440227
chr8	6297676	6299961	17	0	6	10	1|1	0.999976250249415
chr8	8230468	12095842	50795	1211	49329	46779	1|1	1
chr8	12284715	12327290	70	4	81	86	1|1	0.999999999999977
chr9	40691369	40868523	793	72	500	625	1|1	1
chr9	61845726	61928869	290	31	284	151	1|1	1
chr9	113111506	113113009	44	0	37	27	1|1	0.999999999999765
chrX	6218929	6220353	21	3	0	0	1	0.973574952663824
chrX	48396037	48399308	38	3	0	0	1	0.999999746566762
chrX	51685762	51700475	273	5	0	0	1	1
chrX	52920148	52935790	335	12	0	0	1	1
chrX	63182029	63198950	192	7	0	0	1	1
chrX	72855897	72874910	49	3	0	0	1	0.999999999860838
chrX	102338218	102354381	291	1	0	0	1	1
chrX	106269331	106298502	157	10	0	0	1	1
chrX	135147415	135225242	1366	18	0	0	1	1
chrX	153149250	153250542	2500	25	0	0	1	1
chrX	154346996	154385012	2148	80	0	0	1	1
chrX	154591724	154613549	883	16	0	0	1	1
chr2	143314030	143316598	1	9	9	2	0|0	0.92312772779967
chr3	44699174	44700805	5	0	2	4	1|1	0.92059888651055
chr8	102423261	102423781	2	1	0	5	0|1	0.920337691807749
chr8	137117242	137119322	0	3	1	3	0|0	0.914197954879912
chr12	71139014	71139972	4	25	17	18	0|0	0.905086757162561
chr5	148174677	148175214	0	4	0	3	0|0	0.735058469585085
chrX	153066014	153084051	66	196	0	0	0	0.571428571000002
chr8	7765525	7912385	78	438	409	556	0|0	0.542550644560548
chr10	57497898	57498195	1	0	3	5	1|1	0.482945970160368
chr17	5981170	5984654	9	38	27	24	0|0	0.454625097099256
chr16	18189389	18436487	440	1457	735	1275	0|0	0.454545454545465
chr17	21687297	21824188	1244	3157	2499	2470	0|0	0.454545454545465
chr1	227492259	227500523	76	154	140	81	0|0	0.454545454545455
chr10	87238107	87298830	163	248	192	210	0|0	0.454545454545455
chr11	4274130	4292550	174	79	88	143	0|0	0.454545454545455
chr11	89791414	90024201	405	581	546	619	0|0	0.454545454545455
chr14	18601518	18652308	184	337	257	212	0|0	0.454545454545455
chr15	21032464	21073547	353	188	288	195	0|0	0.454545454545455
chr15	32153541	32314518	144	251	175	167	0|0	0.454545454545455
chr15	75273163	75278891	236	118	188	93	0|0	0.454545454545455
chr16	74408184	74419503	174	337	329	214	0|0	0.454545454545455
chr17	18423506	18512829	1419	1705	1676	1668	0|0	0.454545454545455
chr19	50604046	50609088	64	173	168	73	0|0	0.454545454545455
chr2	240672311	240700084	501	332	431	386	0|0	0.454545454545455
chr7	63487699	63651382	1055	1440	1417	1475	0|0	0.454545454545455
chr9	42273791	42294357	224	352	485	266	0|0	0.454545454545455
chr3	191115781	191116229	15	25	32	29	0|0	0.454545454545455
chr14	93459856	93460160	0	0	0	0	0|0	0.454545454545454
chr6	89213915	89214239	0	0	0	1	0|0	0.454545454545454
chr12	131652899	131663807	201	144	178	166	0|0	0.454545454545454
chr2	130533892	130650178	415	513	446	488	0|0	0.454545454545454
chr6	26738682	26763103	525	499	598	565	0|0	0.454545454545454
chr9	61128340	61231967	340	262	389	380	0|0	0.454545454545454
chr9	63252862	63392265	605	598	756	856	0|0	0.454545454545454
chr14	18652959	18712327	260	358	404	167	0|0	0.454545454545452
chr15	21836222	22618492	2187	1553	1968	1019	0|0	0.454545454545452
chr17	21400640	21450526	532	1407	1107	984	0|0	0.454545454545452
chr2	89032595	89061774	127	443	343	266	0|0	0.454545454545452
chr2	97214646	97497378	878	479	704	653	0|0	0.454545454545452
chr20	26061210	26091730	91	333	176	174	0|0	0.454545454545452
chr7	5906707	5978872	172	368	208	410	0|0	0.454545454545452
chr7	56937311	57086047	452	832	731	745	0|0	0.454545454545452
chr8	8196161	8230466	319	160	287	611	0|0	0.454545454545452
chr8	12158093	12226511	158	263	605	194	0|0	0.454545454545452
chr8	12327903	12393421	319	84	398	301	0|0	0.454545454545452
chr9	39473588	39822325	539	1134	962	1136	0|0	0.454545454545452
chr9	39822327	40678269	1478	737	1238	1764	0|0	0.454545454545452
chr4	145693822	145694599	25	8	22	15	0|0	0.45454529865539
chr20	10807400	10808751	34	7	17	20	0|0	0.451155910878789
chr10	13063000	13063272	3	4	6	2	0|0	0.449945432343068
chr9	41768334	42093866	681	121	762	402	0|0	0.419696292008106
chr1	12836750	12878429	8	829	500	505	0|0	1
chr1	13045881	13068467	0	58	23	40	0|0	1
chr1	144077028	144882807	138	1598	1202	1361	0|0	1
chr1	197786515	197788856	2	101	56	73	0|0	1
chr1	248519447	248530939	0	205	105	103	0|0	1
chr10	4963342	5003451	33	677	379	358	0|0	1
chr10	50751431	50776265	40	341	167	177	0|0	1
chr10	65465126	65473910	1	132	47	70	0|0	1
chr11	50132879	50347138	54	4179	2077	2008	0|0	1
chr11	66250101	66253619	0	163	79	68	0|0	1
chr12	46896525	46916007	3	339	169	184	0|0	1
chr12	71314623	71317616	0	70	43	33	0|0	1
chr13	37314911	37318147	1	92	52	37	0|0	1
chr13	52261419	52289912	10	248	126	105	0|0	1
chr14	34547916	34555189	4	149	76	66	0|0	1
chr14	65374516	65377987	0	54	41	24	0|0	1
chr15	82337122	82527079	35	825	375	342	0|0	1
chr16	18723622	18753202	17	352	193	188	0|0	1
chr16	28457770	28740547	146	4759	2438	2423	0|0	1
chr16	32790679	33540870	238	2690	1391	1766	0|0	1
chr16	55815554	55835064	37	518	331	298	0|0	1
chr17	14756063	14759055	0	54	25	20	0|0	1
chr17	34854675	34855873	0	81	27	37	0|0	1
chr2	16225238	16226719	3	89	56	56	0|0	1
chr2	95481309	95598040	21	1610	760	841	0|0	1
chr2	124293287	124295662	1	65	26	25	0|0	1
chr3	41319548	41322314	0	85	35	40	0|0	1
chr3	43793602	43794494	0	63	21	36	0|0	1
chr3	131969241	131978043	2	159	112	132	0|0	1
chr4	162656318	162659248	0	68	32	32	0|0	1
chr4	167184943	167197126	10	162	78	78	0|0	1
chr4	187949347	187955833	2	97	41	30	0|0	1
chr5	116011018	116015368	1	69	38	39	0|0	1
chr5	170170693	170171747	2	71	23	33	0|0	1
chr6	76109065	76158338	14	1046	536	526	0|0	1
chr6	167223171	167284150	34	1800	964	957	0|0	1
chr6	168390177	168392202	1	122	62	52	0|0	1
chr6	168692356	168695795	0	58	27	26	0|0	1
chr7	5978874	6747083	313	16631	9623	9865	0|0	1
chr7	47614243	47615360	1	70	28	31	0|0	1
chr7	57777902	58068779	259	4267	2460	2468	0|0	1
chr7	61579455	61816965	76	659	364	413	0|0	1
chr7	63367442	63382454	0	173	99	114	0|0	1
chr7	65120279	65503542	114	5137	3238	3076	0|0	1
chr7	72976532	75415215	1476	43621	26329	26224	0|0	1
chr7	97437020	97460380	4	437	232	230	0|0	1
chr7	129178544	129181125	0	60	29	30	0|0	1
chr7	151312948	151315017	3	92	50	51	0|0	1
chr9	66591387	67320553	301	2871	2061	1765	0|0	1
chr9	87918874	88139672	225	4597	3320	3062	0|0	1
chr9	102565838	102570255	1	99	45	56	0|0	1
chrX	52070847	52192188	27	2094	0	0	0	1
chrX	52498927	52512444	5	263	0	0	0	1
chrX	55480280	55494262	4	478	0	0	0	1
chrX	73004367	73079523	23	1520	0	0	0	1
chrX	103977469	104062961	38	1834	0	0	0	1
chrX	120075637	120172547	21	1577	0	0	0	1
chrX	135623456	135670276	9	1298	0	0	0	1
chrX	149615316	149663655	67	1243	0	0	0	1
chrX	149671972	149735388	73	1307	0	0	0	1
chrX	152720403	152749366	24	645	0	0	0	1
chr2	50587051	50589804	1	56	32	36	0|0	0.999999999999999
chrX	76141674	76153292	0	45	0	0	0	0.999999999999988
chrX	101599700	101611389	12	112	0	0	0	0.999999999999982
chr4	106396004	106399253	3	60	21	25	0|0	0.999999999999897
chr18	13918346	13919778	1	48	33	30	0|0	0.999999999999832
chr1	43592391	43594266	8	85	56	57	0|0	0.999999999999069
chrX	5811083	5812751	0	38	0	0	0	0.999999999998636
chr1	175231430	175232801	0	39	23	22	0|0	0.999999999998345
chr9	30951811	30956681	1	43	23	35	0|0	0.999999999994916
chr7	65514658	65525344	1	41	14	16	0|0	0.999999999980094
chr10	98733702	98735970	0	35	25	29	0|0	0.999999999974629
chr14	47853926	47856952	2	45	20	14	0|0	0.999999999938847
chr3	104587454	104589764	1	37	11	21	0|0	0.999999999694751
chr2	128926439	128928541	0	31	17	10	0|0	0.999999999610823
chr12	65423608	65426407	0	26	11	8	0|0	0.999999988192069
chr7	143711190	143772948	96	561	311	350	0|0	0.999998710733145
chr14	40905661	40908696	0	19	14	10	0|0	0.999998598330787
chr10	55007429	55013388	0	29	5	13	0|0	0.999996751205692
chr2	183703965	183707282	0	17	10	11	0|0	0.999994511770915
chr1	92795193	92798124	1	20	15	25	0|0	0.999966638651314
chr7	40838612	40840870	0	13	13	9	0|0	0.999915870262903
chrX	135713409	135798324	108	619	0	0	0	0.999587875939706
chr16	69727904	69728986	4	33	22	15	0|0	0.999511570522323
chr6	94029849	94031734	4	33	24	16	0|0	0.999511570522323
chr2	221701999	221704407	0	9	4	2	0|0	0.997983859334968
chr12	127905269	127908444	0	8	11	10	0|0	0.997459239559679
chr5	46435513	46565431	0	8	2	4	0|0	0.996728740443474
chr1	80327754	80330649	1	13	9	9	0|0	0.996065487037551
chr9	105053366	105056276	9	57	52	55	0|0	0.991411617174813
chr12	39466290	39466514	0	11	2	1	0|0	0.991054617183331
chr13	85728870	85731234	0	5	5	4	0|0	0.980913629445528
chrX	149742318	149776625	128	725	0	0	0	0.958872386750286
chr1	239952289	239954445	15	155	102	97	0|0	1
chr11	36306114	36309665	1	78	31	31	0|0	1
chr21	25997755	26001843	0	103	46	48	0|0	1
chr7	149997590	150003016	12	193	108	78	0|0	1
chr19	16052985	16057002	0	48	21	20	0|0	0.999999999999996
chr1	16334957	16338275	0	38	15	21	0|0	0.999999999996725
chr10	47480570	47871649	296	1707	1224	939	0|0	0.999999999988859
chr1	157911176	157918136	18	129	76	62	0|0	0.99999999545502
chr21	26645401	26648253	0	24	13	14	0|0	0.999999953796837
chr1	187494594	187499467	0	15	10	13	0|0	0.999978511334285
chr12	49787581	49789205	0	12	9	6	0|0	0.999833547360416
chr6	128957462	128961182	0	12	9	4	0|0	0.999823573635878
chr9	65714928	65891615	51	298	166	250	0|0	0.999403081037
