chr	start	end	CC_counts_W	CC_counts_C	WC_counts_W	WC_counts_C	genotype	probability
chr10	37103754	37113528	66	50	9	113	0|1	1
chr10	65465126	65473910	46	47	2	99	0|1	1
chr11	50132879	50347138	1809	1874	2866	38	1|0	1
chr13	37314911	37318147	21	23	52	0	1|0	0.999999999999999
chr13	52261419	52289912	84	103	10	165	0|1	1
chr13	63727367	63760841	233	233	10	393	0|1	1
chr14	34547916	34555189	51	69	2	121	0|1	1
chr14	60605282	60612178	54	66	1	121	0|1	1
chr15	84267648	84513678	626	610	1057	169	1|0	1
chr16	14769189	15377775	2618	3058	511	4758	0|1	1
chr16	85155108	85156194	18	10	25	1	1|0	0.999996629688222
chr17	30621716	30625809	49	57	0	81	0|1	1
chr2	91820048	92039398	1298	1250	3134	257	1|0	1
chr2	138247262	138251292	21	19	47	0	1|0	0.999999999999973
chr3	41321020	41321988	11	22	16	0	1|0	0.999960949007856
chr4	40233251	40235411	23	12	28	2	1|0	0.999982758718912
chr6	130527040	130531147	55	46	81	1	1|0	1
chr6	167223171	167284150	836	773	1347	46	1|0	1
chr7	5978874	6747083	7652	7269	14030	508	1|0	1
chr7	40838612	40840870	4	5	2	17	0|1	0.970435246036503
chr7	54231737	54316407	506	421	19	1028	0|1	1
chr7	62291688	62373989	739	364	160	1087	0|1	1
chr7	63367442	63382454	76	75	4	156	0|1	1
chr7	65514658	65525344	10	21	1	19	0|1	0.999800265457014
chr7	72976532	75415215	19550	20036	36729	1655	1|0	1
chr8	2250154	2479751	104	116	695	60	1|0	1
chr9	42612724	42672932	58	22	77	6	1|0	0.999999999999861
chr9	102565838	102570255	38	37	85	1	1|0	1
chrX	52070847	52192188	952	968	17	1202	0|1	1
chrX	52498927	52512444	131	138	175	3	1|0	1
chrX	55480280	55494262	219	194	322	4	1|0	1
chrX	63182029	63198950	107	89	137	3	1|0	1
chrX	76141674	76153292	18	27	12	0	1|0	0.999406720157778
chrX	101599700	101611389	55	67	11	90	0|1	0.999999998116817
chrX	103977469	104062961	823	832	36	1253	0|1	1
chrX	120075637	120172547	692	640	37	1022	0|1	1
chrX	135623456	135670276	547	546	919	5	1|0	1
chrX	149615316	149663655	529	606	26	983	0|1	1
chrX	149742318	149776625	364	392	60	600	0|1	1
chrX	152720403	152749366	293	249	11	507	0|1	1
chrX	153149250	153250542	967	1086	1747	15	1|0	1
chr1	120319721	120586385	1560	75	1052	1093	1|1	1
chr1	144077028	144882807	1196	171	999	980	1|1	1
chr1	148891846	149229929	1968	261	1510	1722	1|1	1
chr1	248519447	248530939	121	2	70	81	1|1	1
chr11	62094890	62101552	19	1	15	16	1|1	0.999700454881315
chr12	12392185	12393455	10	0	6	7	1|1	0.996541794075197
chr13	18215202	18357590	2904	54	1466	1548	1|1	1
chr15	23252404	23312907	182	9	94	82	1|1	1
chr16	1236513	1254727	448	42	234	197	1|1	1
chr16	21567330	22699430	15424	2644	8181	8074	1|1	1
chr4	87925967	87937050	116	4	61	54	1|1	1
chr6	106721234	106723661	24	1	19	16	1|1	0.999990018391836
chr8	6298366	6299961	7	0	4	12	1|1	0.973580560721738
chr8	8230468	12095842	25412	314	46051	46178	1|1	1
chr8	12284715	12327290	27	0	49	73	1|1	0.999999967083856
chr8	12327903	12393421	175	8	345	267	1|1	1
chr9	40691369	40868523	550	62	447	218	1|1	1
chr9	113111553	113113009	23	1	25	18	1|1	0.999980290430491
chrX	51685762	51700475	225	3	79	83	1|1	1
chrX	52920148	52935790	272	6	109	91	1|1	1
chrX	73004367	73079523	1372	18	518	509	1|1	1
chrX	106269331	106298502	152	7	68	71	1|1	1
chrX	135147415	135225242	1143	5	481	504	1|1	1
chrX	149671972	149735388	1129	54	532	525	1|1	1
chrX	154346996	154385012	1895	42	798	849	1|1	1
chrX	154591724	154613549	757	11	285	315	1|1	1
chr5	46435513	46565431	0	3	2	1	0|0	0.926001943278865
chr7	107418031	107423297	5	0	2	3	1|1	0.905500714015193
chr12	39466290	39466514	0	2	1	2	0|0	0.876758283415672
chr10	55007429	55013388	1	7	13	10	0|0	0.862944298122942
chrX	6218929	6220353	19	5	1	9	0|1	0.852215793954406
chr12	49788829	49789146	0	2	0	0	0|0	0.746362191349023
chr9	61128340	61231967	14	180	153	20	0|0	0.710963455164443
chr7	62156625	62233976	44	642	702	68	0|0	0.710963455164407
chr9	42273791	42294357	13	169	17	178	0|0	0.710963455164402
chr1	239952717	239953380	4	21	20	43	0|0	0.678998375673487
chr10	13063000	13063272	0	4	6	0	0|0	0.674610974193223
chr7	143711190	143772948	67	361	197	265	0|0	0.666685731565184
chr9	66591387	67320553	231	1085	234	1265	0|1	0.624062842277555
chr1	187497343	187497605	4	0	0	1	1|1	0.583975374270272
chr3	44699174	44700805	2	0	2	7	1|1	0.572458448556032
chr10	57497898	57498195	1	0	2	0	1|0	0.559930146150313
chr4	145693822	145694599	18	3	11	16	1|1	0.555403155950285
chr12	13389468	13398643	7	31	41	45	0|0	0.480412387621371
chr12	65423608	65426407	2	4	4	5	0|0	0.480396128841945
chr17	5981170	5984654	9	39	15	16	0|0	0.476284908112792
chr7	151312948	151315017	14	59	52	49	0|0	0.475561813114252
chr1	13045881	13068467	14	32	44	19	0|0	0.475555555524511
chr1	16336814	16338757	23	46	48	54	0|0	0.475555555524445
chr1	227492259	227500523	38	122	118	102	0|0	0.475555555524445
chr10	87238107	87298830	130	209	150	192	0|0	0.475555555524445
chr11	89791414	90024201	409	517	365	384	0|0	0.475555555524445
chr12	131652899	131663807	107	158	186	157	0|0	0.475555555524445
chr15	21032464	21073547	293	287	331	278	0|0	0.475555555524445
chr15	75273163	75278891	100	111	86	86	0|0	0.475555555524445
chr16	74408184	74419503	152	288	190	227	0|0	0.475555555524445
chr2	89032595	89061774	172	230	211	296	0|0	0.475555555524445
chr2	130533892	130650178	401	412	561	567	0|0	0.475555555524445
chr2	240672311	240700084	362	220	395	346	0|0	0.475555555524445
chr21	26000477	26003856	23	46	45	43	0|0	0.475555555524445
chr7	5906707	5978872	255	295	246	281	0|0	0.475555555524445
chr7	150000281	150005158	49	142	107	97	0|0	0.475555555524445
chr5	148174677	148175214	0	0	0	1	0|0	0.475555555524444
chr6	89213915	89214239	0	0	0	0	0|0	0.475555555524444
chr11	4274130	4292550	163	86	180	45	0|0	0.475555555524443
chr14	18601518	18652308	101	331	187	226	0|0	0.475555555524443
chr14	18652959	18712327	188	547	337	354	0|0	0.475555555524443
chr15	20984202	21021610	504	157	192	483	0|0	0.475555555524443
chr15	21836222	22618492	728	2511	1390	1728	0|0	0.475555555524443
chr16	18189389	18436487	341	1219	761	632	0|0	0.475555555524443
chr16	18723622	18753202	80	288	143	165	0|0	0.475555555524443
chr17	21400640	21450526	387	1067	837	734	0|0	0.475555555524443
chr17	21687297	21824188	1026	2512	1737	1777	0|0	0.475555555524443
chr2	97214646	97497378	365	656	707	580	0|0	0.475555555524443
chr2	109980901	110479316	2795	666	2253	2378	0|0	0.475555555524443
chr20	26061210	26091730	106	270	139	134	0|0	0.475555555524443
chr7	57777902	58068779	1744	2036	3537	792	0|0	0.475555555524443
chr7	61579455	61816965	269	368	134	525	0|0	0.475555555524443
chr7	63487699	63651382	619	1477	1132	1113	0|0	0.475555555524443
chr8	7765525	7912385	47	201	605	345	0|0	0.475555555524443
chr8	8196161	8230466	284	82	350	1001	0|0	0.475555555524443
chr9	39473588	39822325	932	935	818	1191	0|0	0.475555555524443
chr9	39822327	40678269	1182	615	992	934	0|0	0.475555555524443
chr9	41768334	42093866	551	1077	556	1138	0|0	0.475555555524443
chr9	61785368	62149739	576	120	631	313	0|0	0.475555555524443
chr9	62420001	62487139	15	34	52	18	0|0	0.475555555524443
chr9	63252862	63392265	561	263	372	616	0|0	0.475555555524443
chr9	64724183	65025124	162	463	514	181	0|0	0.475555555524443
chr9	65645191	66183068	421	1342	1087	861	0|0	0.475555555524443
chrX	102259696	102405716	75	327	169	182	0|0	0.475555555524443
chrX	153066014	153084051	52	193	144	57	0|0	0.475555555524443
chr21	26647154	26650648	10	10	11	20	0|0	0.475555555524059
chr3	191115781	191116229	6	6	8	18	0|0	0.475555554750674
chr22	23949470	23963321	10	7	14	10	0|0	0.475555554721086
chr1	149825866	149864067	38	47	115	23	0|0	0.475199521663031
chr14	93459856	93460160	2	0	0	0	1|1	0.422578518212829
chr1	12836750	12878429	12	552	363	349	0|0	1
chr1	13104310	13122300	1	247	124	130	0|0	1
chr1	43592391	43594266	1	69	44	57	0|0	1
chr1	108311832	108413037	24	683	424	410	0|0	1
chr1	157916148	157919336	0	62	34	47	0|0	1
chr1	197786515	197788856	0	85	42	61	0|0	1
chr10	4963342	5003451	10	501	315	315	0|0	1
chr10	46372318	47419392	1229	17082	10054	9962	0|0	1
chr10	47467226	47780369	235	1858	1228	1174	0|0	1
chr10	50751431	50776265	7	242	143	125	0|0	1
chr11	66250101	66253619	2	141	50	69	0|0	1
chr12	46896525	46916007	3	226	160	127	0|0	1
chr12	71314623	71317616	0	60	32	35	0|0	1
chr15	32153541	32314518	20	172	96	99	0|0	1
chr15	82337122	82527079	28	590	334	350	0|0	1
chr16	28457770	28740547	290	4390	2030	2108	0|0	1
chr16	32790679	33540870	177	2655	1289	1313	0|0	1
chr16	55815554	55835064	20	502	233	278	0|0	1
chr17	18607041	18827456	198	2649	1390	1436	0|0	1
chr17	60024806	60126538	61	1383	756	767	0|0	1
chr19	50604046	50609088	4	107	79	52	0|0	1
chr2	16225238	16226719	0	63	52	34	0|0	1
chr2	95481309	95598040	13	1099	721	710	0|0	1
chr2	95773379	96033749	135	2666	1768	1827	0|0	1
chr22	21442965	21496091	55	627	468	508	0|0	1
chr3	131969241	131978043	3	148	86	66	0|0	1
chr4	167184943	167197126	5	153	69	66	0|0	1
chr5	64470811	64477818	0	133	50	65	0|0	1
chr5	116011018	116015368	0	62	18	20	0|0	1
chr5	181098356	181102201	6	116	41	49	0|0	1
chr6	26738682	26763103	6	537	244	219	0|0	1
chr6	76109065	76158338	10	887	373	341	0|0	1
chr6	168390177	168392202	7	97	42	43	0|0	1
chr7	65120279	65503542	111	4601	2353	2430	0|0	1
chr7	70961198	70973894	4	375	180	194	0|0	1
chr7	97437020	97460380	5	346	173	192	0|0	1
chr9	87918874	88139672	197	4065	2298	2362	0|0	1
chr9	123977744	123993326	14	354	215	227	0|0	1
chrX	135713409	135798324	8	440	222	214	0|0	1
chr17	34854675	34855873	0	49	19	23	0|0	0.999999999999998
chr9	30951811	30956681	0	42	14	27	0|0	0.999999999999785
chr6	168692356	168695795	0	42	13	23	0|0	0.999999999999784
chr5	170170693	170171747	0	41	22	29	0|0	0.999999999999576
chr18	12143284	12150155	6	73	45	43	0|0	0.999999999999446
chr4	162656318	162659248	1	46	15	17	0|0	0.999999999999445
chr3	43793602	43794494	1	45	13	16	0|0	0.999999999998903
chr12	71546054	71547817	0	39	20	30	0|0	0.999999999998349
chr17	14756063	14759055	1	44	27	19	0|0	0.999999999997834
chr7	129178544	129181125	1	43	20	21	0|0	0.999999999995723
chr2	124293287	124295662	0	37	16	23	0|0	0.999999999993563
chr14	47853926	47856952	0	35	12	12	0|0	0.999999999974903
chr6	12430507	12433398	0	37	9	16	0|0	0.999999999969763
chr7	47614243	47615360	0	34	29	31	0|0	0.999999999950444
chr4	187949347	187955833	5	58	31	39	0|0	0.999999999619547
chrX	5811083	5812751	0	34	10	7	0|0	0.999999999327574
chr18	13918346	13919778	0	30	34	18	0|0	0.999999999246605
chr10	98733702	98735970	0	35	8	16	0|0	0.999999999037485
chr19	16056196	16058829	0	29	14	14	0|0	0.999999998512338
chr2	50587051	50589804	1	34	11	32	0|0	0.999999997228578
chr3	104587454	104589764	1	33	8	10	0|0	0.999999996130021
chr1	92795193	92798124	0	25	17	22	0|0	0.999999977383251
chr1	175231430	175232801	0	24	14	13	0|0	0.999999955340723
chr4	106396004	106399253	0	22	13	13	0|0	0.999999825869591
chr14	65374516	65377987	6	54	16	35	0|0	0.999999772187267
chr20	10807400	10808751	3	37	17	18	0|0	0.999999606714741
chr6	94029849	94031734	3	37	11	11	0|0	0.99999960671474
chr6	128959877	128962183	0	27	16	6	0|0	0.99999853996127
chrX	72855897	72874910	3	39	14	5	0|0	0.999985209711728
chr8	12158093	12226511	18	111	390	183	0|0	0.999954362917965
chr16	48616898	48617568	0	13	11	7	0|0	0.999920539851012
chr2	183703965	183707282	0	13	6	4	0|0	0.999918036934717
chr2	143314030	143316598	0	10	5	3	0|0	0.999338860367492
chr13	85728870	85731234	0	9	6	6	0|0	0.998794585661583
chr8	102423261	102423781	0	10	2	4	0|0	0.998394945144086
chr12	127905269	127908444	0	8	4	5	0|0	0.99762381231613
chrX	48396037	48399308	3	24	20	9	0|0	0.997285349156785
chr2	128926439	128928541	0	7	9	7	0|0	0.995331106442639
chr14	40905661	40908696	2	16	7	4	0|0	0.984456521401803
chr4	133003137	133008095	3	21	8	6	0|0	0.979799877245809
chr12	71139014	71139972	2	15	14	17	0|0	0.970178841172271
chr1	80327754	80330649	0	4	2	5	0|0	0.963999537745081
chr16	69727904	69728986	4	25	10	9	0|0	0.950687912811434
chr17	18490702	18622970	203	1174	607	774	0|0	1
chr3	195935051	196457410	1112	8626	4553	7069	0|0	1
chr7	56891924	56977990	64	700	400	386	0|0	1
chr9	105050694	105054858	14	120	75	75	0|0	0.999999999999957
chr11	36308502	36310540	3	44	20	21	0|0	0.999999996640015
chr11	48879321	48880535	2	34	7	10	0|0	0.999999922499413
chr8	137116637	137119759	0	12	5	6	0|0	0.999843058326035
chr2	221701115	221702763	0	7	4	7	0|0	0.995326120141296
