chr	start	end	CC_counts_W	CC_counts_C	WC_counts_W	WC_counts_C	genotype	probability
chr1	13104310	13122300	127	117	3	316	0|1	1
chr1	108311832	108413037	574	528	21	886	0|1	1
chr1	144077028	144882807	903	996	1628	253	1|0	1
chr1	248519447	248530939	55	77	164	10	1|0	1
chr10	46372318	47419392	9220	7862	17856	802	1|0	1
chr11	48880467	48899971	20	24	55	6	1|0	0.999999690217127
chr13	37314464	37318514	29	41	3	61	0|1	0.999999999999895
chr16	14769189	15377775	2299	2674	4541	529	1|0	1
chr17	18607041	18827456	1262	1142	226	3348	0|1	1
chr18	12141461	12150226	32	41	14	83	0|1	0.994296233436533
chr2	95773379	96033749	1948	1961	229	3266	0|1	1
chr20	10806847	10808579	26	26	5	41	0|1	0.999886242509762
chr22	21442965	21496091	397	327	56	670	0|1	1
chr4	40233986	40234902	9	10	0	13	0|1	0.999693260634657
chr5	181098356	181102201	40	49	6	80	0|1	0.999999999999988
chr6	167194362	167358477	2020	2046	3772	139	1|0	1
chr7	57777902	58068779	3058	3564	759	4610	0|1	1
chr7	62291688	62373989	990	507	1098	165	1|0	1
chr8	2250154	2479751	177	168	632	91	1|0	1
chr8	102423261	102423781	4	7	0	8	0|1	0.990897368899072
chr9	123976373	123993780	187	192	26	395	0|1	1
chrX	48396037	48399308	16	18	60	0	1|0	1
chrX	52070847	52192188	829	759	26	2083	0|1	1
chrX	63182029	63198950	53	56	178	3	1|0	1
chrX	73004367	73079523	585	535	41	1435	0|1	1
chrX	101597522	101616276	87	56	15	165	0|1	1
chrX	103977469	104062961	639	664	67	1504	0|1	1
chrX	120075637	120172547	559	580	71	1461	0|1	1
chrX	149671972	149735388	549	488	67	1042	0|1	1
chr1	120223481	120684157	2423	331	1144	1322	1|1	1
chr1	148891846	149229929	2966	308	1546	1529	1|1	1
chr10	13063021	13063272	7	0	3	5	1|1	0.982157428554994
chr10	37103754	37113528	130	9	69	76	1|1	1
chr11	4274130	4292550	224	34	171	94	1|1	0.999999999999702
chr11	62095351	62100676	23	0	24	20	1|1	0.999999656461061
chr12	12391927	12393659	28	0	8	12	1|1	0.999999988249324
chr12	13392784	13398009	21	1	9	8	1|1	0.999950739411872
chr13	18215202	18357590	2206	91	1329	1275	1|1	1
chr14	60604530	60613253	110	16	61	58	1|1	0.999999915983064
chr15	20984202	21021610	490	13	334	318	1|1	1
chr15	23252404	23312907	189	7	125	93	1|1	1
chr15	84267648	84513678	763	107	513	569	1|1	1
chr16	1232564	1253631	306	16	153	169	1|1	1
chr16	21567330	22701560	14051	2638	8482	8422	1|1	1
chr17	30616145	30631343	66	7	70	58	1|1	0.999999993523186
chr2	91820048	92039398	3110	256	1531	1515	1|1	1
chr2	138246675	138251784	58	4	21	19	1|1	0.99999999997028
chr2	240682191	240692475	234	13	146	134	1|1	1
chr4	87925967	87937206	182	10	91	100	1|1	1
chr6	106721228	106723652	26	1	18	19	1|1	0.99999835166393
chr6	130527041	130530939	77	0	54	39	1|1	1
chr7	107418964	107422689	18	0	9	4	1|1	0.999928312650493
chr8	6297722	6299941	15	0	21	13	1|1	0.999921168392795
chr8	8230468	12095842	38932	617	43898	44427	1|1	1
chr8	12284715	12327290	76	2	71	84	1|1	1
chr8	12327903	12393421	267	9	311	282	1|1	1
chr9	40691369	40868523	949	21	669	764	1|1	1
chr9	42612724	42672932	99	3	74	90	1|1	1
chr9	62420001	62487139	84	4	40	117	1|1	1
chr9	64449835	65048344	1205	107	472	1486	1|1	1
chr9	113111477	113113019	24	1	17	12	1|1	0.999993584435884
chrX	51669469	51713883	195	3	140	132	1|1	1
chrX	52920144	52935793	249	6	148	155	1|1	1
chrX	106266661	106299614	190	18	108	105	1|1	1
chrX	135147415	135225242	1131	7	690	685	1|1	1
chrX	153121931	153292732	2292	236	1164	1061	1|1	1
chrX	154346996	154385012	1291	87	637	631	1|1	1
chrX	154581225	154633196	628	45	357	316	1|1	1
chr10	57497898	57498223	5	0	3	4	1|1	0.935154128444602
chr4	145693712	145694599	13	1	2	9	1|1	0.918412111871015
chr12	39466254	39466531	0	6	6	1	0|0	0.873010181258683
chr14	93459758	93460230	3	0	1	1	1|1	0.776203078569046
chr5	148174675	148175214	0	11	0	4	0|0	0.73586003221527
chr5	46435513	46565431	1	4	3	2	0|0	0.572150055245932
chr1	187497343	187497605	3	2	1	0	1|0	0.536296814429037
chr15	75273163	75278891	80	4	80	5	1|1	0.500000000651164
chr7	62156625	62233976	474	65	358	16	1|1	0.500000000651162
chr6	128959877	128963502	7	31	11	28	0|0	0.431464602458915
chr1	239952717	239953380	5	16	20	28	0|0	0.424485851408124
chr3	191115781	191116229	7	26	8	14	0|0	0.424356397958356
chr17	5981170	5984654	9	31	21	39	0|0	0.424112633248427
chr22	23949470	23963321	5	6	7	16	0|0	0.424107472256457
chr3	195615104	195996875	5710	5760	7207	1528	0|0	0.424107143000044
chr21	26647154	26650648	14	28	21	18	0|0	0.424107143000011
chr14	18652959	18712327	258	306	374	133	0|0	0.424107143000002
chr17	21400640	21450526	276	740	749	698	0|0	0.424107143000002
chr2	89032595	89061774	123	301	104	237	0|0	0.424107143000002
chr20	26061210	26091730	77	280	154	132	0|0	0.424107143000002
chr6	26722648	26781180	218	520	211	408	0|0	0.424107143000002
chr7	63487699	63651382	828	1269	1006	802	0|0	0.424107143000002
chr8	7765525	7912385	102	356	618	337	0|0	0.424107143000002
chr9	39473588	39822325	512	914	987	972	0|0	0.424107143000002
chrX	102259696	102405716	159	171	309	88	0|0	0.424107143000002
chr1	16336670	16338771	25	72	54	54	0|0	0.424107143000001
chr10	87238107	87298830	208	292	230	186	0|0	0.424107143000001
chr12	131652899	131663807	125	142	180	110	0|0	0.424107143000001
chr14	18601518	18652308	172	269	254	165	0|0	0.424107143000001
chr15	21032464	21073547	286	232	337	258	0|0	0.424107143000001
chr7	150000281	150005158	51	142	69	81	0|0	0.424107143000001
chr9	61128340	61231967	190	119	250	270	0|0	0.424107143000001
chr17	18423506	18512829	767	892	1147	1208	0|0	0.424107143
chr2	130533892	130650178	581	698	593	554	0|0	0.424107143
chr3	44698573	44701797	24	28	19	16	0|0	0.424107143
chr7	5906707	5978872	273	352	236	259	0|0	0.424107143
chr8	8196161	8230466	228	246	578	508	0|0	0.424107143
chr9	63252862	63392265	427	414	647	777	0|0	0.424107143
chrX	153066014	153084051	76	85	54	92	0|0	0.424107143
chr11	89744798	90095507	717	994	1081	1007	0|0	0.424107142999999
chr15	32153541	32314518	83	212	212	128	0|0	0.424107142999999
chr16	74408184	74419503	92	212	183	117	0|0	0.424107142999999
chr2	97214646	97497378	591	633	423	658	0|0	0.424107142999999
chr8	12158093	12226511	45	76	88	221	0|0	0.424107142999999
chr15	21836222	22618492	1718	1672	2803	1121	0|0	0.424107142999996
chr17	21687297	21824188	734	1659	1873	1783	0|0	0.424107142999996
chr7	56937311	57086047	271	752	568	329	0|0	0.424107142999996
chr7	143711190	143772948	104	496	230	287	0|0	0.424107142999996
chr9	39822327	40678269	993	291	901	1104	0|0	0.424107142999996
chr9	61785368	62149739	752	233	846	609	0|0	0.424107142999996
chr1	149820003	149876338	82	86	31	143	0|0	0.424107071660198
chrX	6218929	6220353	14	5	6	14	0|0	0.424073809936275
chrX	72855897	72874910	16	19	30	7	0|0	0.4228516697793
chr1	12836750	12878429	6	720	374	366	0|0	1
chr1	43592391	43595367	5	113	51	53	0|0	1
chr1	197786515	197789904	1	106	57	57	0|0	1
chr10	4951216	5015194	39	919	547	500	0|0	1
chr10	47467226	47780369	187	1935	1213	975	0|0	1
chr10	50751431	50776265	49	316	205	213	0|0	1
chr10	55004681	55014759	1	91	33	52	0|0	1
chr10	65463858	65475868	3	175	85	90	0|0	1
chr11	50132556	50347138	58	3525	1896	2033	0|0	1
chr11	66250101	66253619	2	109	66	71	0|0	1
chr12	46896485	46916160	3	327	184	144	0|0	1
chr12	71314623	71317616	0	55	32	24	0|0	1
chr12	71541193	71552738	14	227	138	87	0|0	1
chr13	52215009	52595850	175	4098	2071	1938	0|0	1
chr13	63716793	63769525	31	383	189	192	0|0	1
chr14	34545248	34562456	2	130	58	55	0|0	1
chr15	82337122	82527079	28	598	422	400	0|0	1
chr16	16210630	18436487	1182	28587	15412	15156	0|0	1
chr16	18723622	18753202	7	262	123	126	0|0	1
chr16	28457770	28740547	240	3414	1903	1875	0|0	1
chr16	32790679	33540870	222	2082	1202	1105	0|0	1
chr16	55766401	55837260	34	908	571	482	0|0	1
chr17	60024806	60126538	43	1139	902	899	0|0	1
chr18	13918346	13919778	0	52	32	30	0|0	1
chr19	50604046	50609088	2	93	68	63	0|0	1
chr2	16225238	16226719	1	59	26	38	0|0	1
chr2	50587051	50589804	1	58	21	25	0|0	1
chr2	95481309	95598040	31	1687	759	711	0|0	1
chr2	124293287	124296257	0	57	22	22	0|0	1
chr2	183700313	183707387	0	52	34	28	0|0	1
chr3	43792730	43795576	1	109	45	39	0|0	1
chr3	131968697	131978538	1	255	64	65	0|0	1
chr4	162656318	162659248	0	61	23	26	0|0	1
chr4	167184943	167197126	6	208	82	87	0|0	1
chr4	187948270	187956677	6	85	47	53	0|0	1
chr5	64465056	64482966	2	247	105	121	0|0	1
chr6	76106270	76159073	7	1036	502	514	0|0	1
chr6	168390177	168393080	3	87	52	32	0|0	1
chr6	168692356	168695795	1	63	32	25	0|0	1
chr7	5978874	6747083	673	14982	6760	6850	0|0	1
chr7	47613072	47616567	1	101	33	37	0|0	1
chr7	54231737	54316407	20	1294	549	586	0|0	1
chr7	61579455	61816965	135	1270	575	533	0|0	1
chr7	63367442	63382454	2	215	107	74	0|0	1
chr7	65120279	65503542	112	5816	2447	2442	0|0	1
chr7	70954996	70974536	6	560	239	241	0|0	1
chr7	72949859	75422553	1861	36689	16471	16153	0|0	1
chr7	97436188	97461596	9	523	244	216	0|0	1
chr7	151312948	151315017	2	68	34	45	0|0	1
chr9	30951219	30957634	0	81	44	60	0|0	1
chr9	42273791	42294357	7	249	187	243	0|0	1
chr9	66591387	67320553	333	2647	1914	1676	0|0	1
chr9	87918874	88139672	186	3775	2326	2199	0|0	1
chr9	102565089	102570284	1	98	48	55	0|0	1
chrX	52489201	52533696	13	191	141	137	0|0	1
chrX	55464229	55511347	18	308	223	200	0|0	1
chrX	135623456	135670276	9	1015	565	593	0|0	1
chrX	135713409	135798324	38	441	311	227	0|0	1
chrX	149591230	149663655	61	1272	651	661	0|0	1
chrX	149742318	149776625	68	508	272	325	0|0	1
chrX	152705955	152752524	61	492	301	266	0|0	1
chr4	133003137	133009292	0	51	17	24	0|0	0.999999999999999
chr5	170170693	170171747	0	49	26	25	0|0	0.999999999999997
chr14	47853926	47856952	0	48	22	22	0|0	0.999999999999996
chr5	116011018	116015368	3	61	34	50	0|0	0.999999999999966
chr10	98733702	98735970	1	45	15	18	0|0	0.999999999998685
chr2	128926439	128929348	1	53	9	13	0|0	0.99999999999379
chr1	157916148	157919336	7	74	31	42	0|0	0.999999999990896
chr12	65423608	65426407	0	35	12	19	0|0	0.999999999968115
chr17	14756063	14759055	0	34	36	23	0|0	0.999999999937111
chrX	5811083	5812751	0	34	20	12	0|0	0.999999999937096
chr17	34854675	34855873	0	33	27	33	0|0	0.999999999875928
chrX	76141674	76153292	1	37	37	33	0|0	0.999999999698249
chr1	13045881	13068467	0	31	15	22	0|0	0.99999999951709
chr2	221701999	221705483	2	41	19	37	0|0	0.999999999266123
chr9	105053366	105056276	6	62	34	31	0|0	0.999999999140902
chr8	137117242	137120366	0	30	7	13	0|0	0.999999990625103
chr7	129178544	129181125	2	37	20	21	0|0	0.999999988882515
chr1	92795193	92798124	1	31	20	23	0|0	0.999999982208052
chr1	175231430	175232801	2	36	27	18	0|0	0.999999978066783
chr6	94029849	94031734	2	35	17	18	0|0	0.999999956728879
chr14	65374516	65377987	3	40	19	23	0|0	0.999999946657055
chr19	16056196	16058829	1	29	17	22	0|0	0.999999930750745
chr2	143314030	143316861	2	33	11	6	0|0	0.999999751857168
chr6	89212355	89215355	6	52	15	19	0|0	0.999999232637717
chr16	69727516	69728993	4	41	12	20	0|0	0.99999900381862
chr14	40905661	40908696	0	19	9	15	0|0	0.999998321117041
chr7	65514658	65525344	7	56	36	17	0|0	0.999998133730799
chr6	12430507	12433398	3	34	16	28	0|0	0.999996854790352
chr1	80327754	80330649	2	28	6	5	0|0	0.999994866923328
chr4	106396004	106399253	5	41	13	22	0|0	0.999963299713478
chr16	48616897	48617754	0	13	10	6	0|0	0.999900986811324
chr7	40833456	40842024	11	71	26	26	0|0	0.999871212693149
chr12	127905269	127908444	0	11	9	8	0|0	0.99961497263294
chr3	41319548	41322987	13	78	16	41	0|0	0.998500718310841
chr13	85728870	85731234	0	27	12	3	0|0	0.992327556369099
chr12	49788783	49789348	0	6	8	6	0|0	0.988710789786155
chr12	71139014	71139972	5	32	23	16	0|0	0.98384877482016
chr3	104587454	104589764	0	35	8	2	0|0	0.981975728336927
chr1	227499067	227502322	0	80	40	50	0|0	1
chr16	85156196	85160024	2	111	61	65	0|0	1
chr2	109524829	109945379	121	4220	2074	2026	0|0	1
chr21	25998421	26001843	0	84	29	41	0|0	1
chr9	41747739	41811584	60	402	191	444	0|0	1
chr9	65788855	66351632	238	1342	1334	1167	0|0	1
chr11	36307651	36309667	0	43	24	34	0|0	0.999999999999861
