chr	start	end	CC_counts_W	CC_counts_C	WC_counts_W	WC_counts_C	genotype	probability
chr1	13104310	13122300	106	99	1	202	0|1	1
chr1	108311832	108413037	382	443	696	4	1|0	1
chr1	120223481	120684157	956	1030	1504	198	1|0	1
chr1	149843172	149855461	50	37	73	7	1|0	0.999999998132864
chr10	37103754	37113528	57	64	104	4	1|0	1
chr11	50132556	50347138	1503	1634	23	1920	0|1	1
chr16	32790679	33540870	980	1132	1242	130	1|0	1
chr17	30621801	30625476	21	14	34	0	1|0	0.999999999782154
chr2	95773379	96033749	1335	1339	94	2020	0|1	1
chr4	40233340	40235356	8	11	19	2	1|0	0.976552636519291
chr7	5978874	6747083	4420	4804	145	6833	0|1	1
chr7	54231737	54316407	465	478	659	1	1|0	1
chr7	63367442	63382454	66	78	1	110	0|1	1
chr7	97436188	97461596	96	196	21	216	0|1	1
chr9	113111224	113113056	8	6	0	13	0|1	0.999614998590927
chr9	123976373	123993780	121	122	7	222	0|1	1
chr1	144077028	144882807	1020	67	526	498	1|1	1
chr1	148891846	149229929	1890	152	1009	1174	1|1	1
chr1	248519447	248530939	133	8	58	57	1|1	1
chr11	4274130	4292550	135	15	40	55	1|1	0.999999999999865
chr11	62095606	62100682	37	2	6	10	1|1	0.999999895545539
chr12	12392232	12393460	6	0	5	14	1|1	0.958247470112763
chr12	13393488	13397745	16	1	7	7	1|1	0.997135669943173
chr14	34545248	34562456	82	2	23	34	1|1	1
chr15	23252404	23312907	104	4	62	61	1|1	1
chr15	84267648	84513678	510	63	289	295	1|1	1
chr16	1232437	1253875	209	14	74	89	1|1	1
chr17	18423506	18512829	659	41	358	328	1|1	1
chr18	12144789	12150137	48	5	17	20	1|1	0.999987362837694
chr2	138246675	138251784	44	0	19	20	1|1	0.999999999999782
chr22	21442965	21496091	321	13	182	194	1|1	1
chr4	87925967	87937206	108	1	45	55	1|1	1
chr5	64470547	64477840	112	11	45	59	1|1	0.999999999999936
chr6	106721184	106723159	25	0	10	11	1|1	0.999999902229776
chr7	62156625	62233976	388	36	236	64	1|1	1
chr7	70954996	70974536	289	34	103	111	1|1	1
chr7	107418031	107423297	9	0	8	6	1|1	0.994411144323747
chr8	6297818	6299055	7	0	5	6	1|1	0.978425065146715
chr8	8196161	8230466	165	9	239	252	1|1	1
chr8	8230468	12095842	22270	295	29245	31858	1|1	1
chr8	12226970	12393462	208	5	376	178	1|1	1
chr9	40691369	40868523	673	92	364	330	1|1	1
chrX	52489201	52533696	169	14	0	0	1	1
chrX	52904113	52935838	182	1	0	0	1	1
chrX	55464229	55511347	216	14	0	0	1	1
chrX	73004367	73079523	963	19	0	0	1	1
chrX	76145958	76149152	25	1	0	0	1	0.999998646580986
chrX	101597522	101616276	97	8	0	0	1	0.999999999999998
chrX	103977469	104062961	997	24	0	0	1	1
chrX	135147415	135225242	906	13	0	0	1	1
chrX	149671972	149735388	744	38	0	12	1	1
chrX	153121931	153292732	1532	199	13	5	1	1
chr21	26647154	26650648	3	19	20	9	0|0	0.851213331280651
chr12	39466254	39466531	0	3	4	0	0|0	0.747391422648494
chr4	145693712	145694599	3	0	9	2	1|1	0.738501286411717
chrX	72855897	72874910	11	27	0	0	0	0.642857143001485
chrX	135713409	135798324	72	314	0	0	0	0.642857143000004
chrX	153066014	153084051	24	69	1	2	0	0.642857143
chrX	102259696	102405716	58	201	0	0	0	0.642857142999999
chr5	46435513	46565431	0	1	0	3	0|0	0.634381694566399
chr15	32153541	32314518	18	104	72	96	0|0	0.567035765799542
chr4	162656318	162659248	6	31	19	12	0|0	0.557586243864291
chr16	69727516	69728993	6	25	4	13	0|0	0.543309386769719
chr12	71139014	71139972	5	18	12	10	0|0	0.543272134247122
chr16	48616897	48617754	4	11	6	4	0|0	0.543210353485183
chr6	94029849	94031734	5	17	18	20	0|0	0.543210189384363
chr1	197786515	197789904	13	62	49	36	0|0	0.543154459858369
chr17	5981170	5984654	9	35	13	18	0|0	0.543148187741397
chr2	50587051	50589804	8	28	22	22	0|0	0.54314770849629
chr3	44698573	44701797	7	19	12	19	0|0	0.543147272966497
chr11	36309611	36309951	8	19	13	9	0|0	0.543147209051623
chr16	21567330	22701560	12163	2157	4681	4814	0|0	0.543147208000108
chr10	50751431	50776265	50	256	162	138	0|0	0.543147208000023
chr11	89744798	90095507	306	1429	613	460	0|0	0.543147208000015
chr2	109753975	110654845	2508	1163	1401	1454	0|0	0.543147208000015
chr1	227492259	227500523	27	80	44	38	0|0	0.543147208
chr10	47467226	47780369	1050	1423	1274	661	0|0	0.543147208
chr12	131652899	131663807	78	78	76	70	0|0	0.543147208
chr14	18601518	18652308	171	119	126	60	0|0	0.543147208
chr15	20984202	21021610	221	104	189	164	0|0	0.543147208
chr15	21032464	21073547	217	65	193	135	0|0	0.543147208
chr15	21836222	22618492	829	538	593	940	0|0	0.543147208
chr15	75273163	75278891	82	39	61	61	0|0	0.543147208
chr17	21400640	21450526	226	591	409	408	0|0	0.543147208
chr17	21687297	21824188	556	1409	944	975	0|0	0.543147208
chr2	97214646	97497378	237	527	296	353	0|0	0.543147208
chr2	130533892	130650178	287	391	294	300	0|0	0.543147208
chr2	240672311	240702025	50	227	138	182	0|0	0.543147208
chr20	26061210	26091730	59	157	111	88	0|0	0.543147208
chr7	56937311	57086047	324	682	485	326	0|0	0.543147208
chr7	61579455	61816965	528	875	375	666	0|0	0.543147208
chr7	63487699	63651382	334	633	430	290	0|0	0.543147208
chr7	143711190	143772948	67	327	172	176	0|0	0.543147208
chr7	150000281	150005158	35	117	57	55	0|0	0.543147208
chr8	7765525	7912385	124	226	464	483	0|0	0.543147208
chr8	12158093	12226511	98	108	283	231	0|0	0.543147208
chr9	39473588	39822325	320	801	573	572	0|0	0.543147208
chr9	39822327	40678269	908	263	586	606	0|0	0.543147208
chr9	42612724	42672932	20	37	31	20	0|0	0.543147208
chr9	61128340	61231967	277	204	278	286	0|0	0.543147208
chr9	61785368	62149739	680	211	467	413	0|0	0.543147208
chr9	62420001	62487139	39	118	120	46	0|0	0.543147208
chr9	63252862	63392265	323	412	345	396	0|0	0.543147208
chr9	65645191	66183068	354	719	548	531	0|0	0.543147208
chr16	14769189	15377775	3474	678	1318	1454	0|0	0.543147207999985
chr3	195615104	195996875	732	4005	2979	3174	0|0	0.543147207999985
chr9	66591387	67320553	352	1927	1240	1216	0|0	0.543147207999985
chr9	41768334	42093866	735	127	440	465	0|0	0.543147207708206
chr14	18652959	18712327	277	10	181	13	1|1	0.512396693891949
chr13	18215202	18357590	737	32	749	60	1|1	0.512396693891945
chr5	181098356	181102201	17	1	2	26	1|1	0.51192658820863
chr12	49788783	49789348	0	0	0	2	0|0	0.486386301722915
chr10	57497898	57498223	1	0	2	0	1|0	0.474490638765232
chr5	148174675	148175214	0	0	0	3	0|0	0.433847540638484
chr1	187497343	187497605	1	0	1	0	1|1	0.382291834102643
chr1	12836750	12878429	14	481	298	274	0|0	1
chr10	4951216	5015194	36	718	311	307	0|0	1
chr10	46372318	47419392	827	13737	5096	6666	0|0	1
chr10	55004681	55014759	0	69	34	25	0|0	1
chr10	65463858	65475868	2	111	50	65	0|0	1
chr10	87238107	87298830	20	219	74	120	0|0	1
chr11	66250101	66253619	1	82	22	35	0|0	1
chr12	46896485	46916160	2	203	136	128	0|0	1
chr12	71541193	71552738	1	134	99	94	0|0	1
chr13	52215009	52595850	244	2672	1492	1507	0|0	1
chr13	63716793	63769525	10	245	134	176	0|0	1
chr14	60604530	60613253	0	114	42	49	0|0	1
chr15	82337122	82527079	6	377	193	219	0|0	1
chr16	16210630	18436487	790	25334	8912	8637	0|0	1
chr16	18723622	18753202	4	268	66	93	0|0	1
chr16	28457770	28740547	141	2741	936	986	0|0	1
chr16	55766401	55837260	21	754	332	341	0|0	1
chr16	74408184	74419503	2	166	89	36	0|0	1
chr16	85154003	85157243	0	58	25	22	0|0	1
chr17	18607041	18827456	170	1792	928	1005	0|0	1
chr17	60024806	60126538	42	938	498	535	0|0	1
chr19	50604046	50609088	1	77	31	32	0|0	1
chr2	89032595	89061774	3	176	132	63	0|0	1
chr2	91820048	92039398	226	2212	1079	987	0|0	1
chr2	95481309	95598040	22	1127	454	434	0|0	1
chr22	23949470	23963321	0	58	50	34	0|0	1
chr3	131968697	131978538	1	139	73	74	0|0	1
chr4	187948270	187956677	1	58	36	19	0|0	1
chr6	26722648	26781180	4	247	214	236	0|0	1
chr6	76106270	76159073	2	567	439	392	0|0	1
chr6	130525181	130535874	2	128	93	100	0|0	1
chr6	167194362	167358477	149	2223	1487	1503	0|0	1
chr6	168390177	168393080	0	55	30	45	0|0	1
chr7	5906707	5978872	26	304	135	138	0|0	1
chr7	40833456	40842024	0	58	19	22	0|0	1
chr7	47613072	47616567	0	57	25	20	0|0	1
chr7	57777902	58068779	187	3846	1579	1509	0|0	1
chr7	62291688	62373989	108	1282	487	535	0|0	1
chr7	65120279	65503542	110	3973	1477	1562	0|0	1
chr7	72949859	75422553	918	22330	8752	8619	0|0	1
chr8	2250154	2479751	12	182	263	241	0|0	1
chr9	30951219	30957634	0	61	40	35	0|0	1
chr9	42273791	42294357	0	170	103	86	0|0	1
chr9	64724183	65025124	81	922	501	499	0|0	1
chr9	87918874	88139672	69	2598	1253	1260	0|0	1
chrX	51669469	51713883	7	145	0	0	0	1
chrX	52070847	52192188	9	1462	0	0	0	1
chrX	106266661	106299614	10	145	0	0	0	1
chrX	120075637	120172547	11	956	0	0	0	1
chrX	135623456	135670276	24	822	0	0	0	1
chrX	149591230	149663655	28	935	14	0	0	1
chrX	149742318	149776625	30	381	4	1	0	1
chrX	152705955	152752524	29	329	1	5	0	1
chrX	154346996	154385012	41	705	0	5	0	1
chrX	154581225	154633196	34	431	0	6	0	1
chr13	37314464	37318514	1	52	30	13	0|0	0.999999999999991
chr14	47853926	47856952	0	45	21	20	0|0	0.999999999999983
chr9	102565089	102570284	0	45	23	20	0|0	0.999999999999983
chr11	48880467	48899971	0	44	14	14	0|0	0.999999999999966
chr7	151312948	151315017	1	49	18	19	0|0	0.999999999999932
chr4	167184943	167197126	10	102	68	59	0|0	0.999999999999847
chr3	43792730	43795576	2	49	25	32	0|0	0.999999999995755
chr1	43592391	43595367	3	54	29	26	0|0	0.999999999991465
chr18	13918346	13919778	0	34	11	14	0|0	0.999999999967729
chr6	168692356	168695795	0	34	15	17	0|0	0.999999999967729
chr2	124293287	124296257	1	40	9	14	0|0	0.999999999967219
chr2	183700313	183707387	0	33	20	25	0|0	0.99999999993598
chrX	5811083	5812751	0	31	0	0	0	0.999999999889059
chr2	128926439	128929348	0	32	11	14	0|0	0.999999999872996
chr2	221701999	221705483	0	32	10	14	0|0	0.999999999872995
chr2	16225238	16226719	0	31	21	15	0|0	0.999999999748049
chrX	63182029	63198950	13	108	0	0	0	0.999999999738268
chr7	129178544	129181125	0	29	12	12	0|0	0.999999999008443
chr17	34854675	34855873	1	34	14	15	0|0	0.999999998006541
chr5	116011018	116015368	1	34	30	29	0|0	0.999999998006541
chr10	98733702	98735970	1	33	14	20	0|0	0.999999996045355
chr14	65374516	65377987	1	34	6	12	0|0	0.999999993397264
chr1	92795193	92798124	0	26	13	15	0|0	0.999999992258616
chr1	175231430	175232801	1	32	21	18	0|0	0.999999992154729
chr9	105053366	105056276	3	44	13	25	0|0	0.999999991942754
chr4	133003137	133009292	0	25	11	16	0|0	0.999999984642555
chrX	48396037	48399308	1	29	0	0	0	0.99999997302965
chr1	239952717	239953380	0	22	6	8	0|0	0.999999879802141
chr4	106396004	106399253	1	28	11	18	0|0	0.999999878490736
chr6	128959877	128963502	0	20	12	24	0|0	0.999999528132031
chr12	65423608	65426407	0	20	10	7	0|0	0.999999528113071
chr1	13045881	13068467	12	92	59	64	0|0	0.999999446277116
chr6	89212355	89215355	1	25	24	19	0|0	0.999999051341785
chr17	14756063	14759055	2	31	30	18	0|0	0.999999038611114
chr1	157916148	157919336	5	48	22	30	0|0	0.999998014972503
chr3	104587454	104589764	0	16	12	8	0|0	0.999992691712418
chr6	12430507	12433398	2	28	26	28	0|0	0.99999249425087
chr2	143314030	143316861	0	15	5	8	0|0	0.999985483582079
chr8	137117242	137120366	0	14	10	7	0|0	0.999971239513483
chr13	85728870	85731234	0	14	6	11	0|0	0.999971237208819
chr5	170170693	170171747	1	20	24	25	0|0	0.999970853600529
chr1	80327754	80330649	1	20	4	12	0|0	0.999953265659774
chr14	40905661	40908696	2	25	13	7	0|0	0.999941406729169
chr3	191115781	191116229	0	12	17	6	0|0	0.999886692201915
chr19	16056196	16058829	1	15	16	13	0|0	0.999106151277835
chr12	71314623	71317616	4	32	24	26	0|0	0.998158258677609
chrX	6218929	6220353	1	12	0	0	0	0.996947432409309
chr12	127905269	127908444	0	6	5	3	0|0	0.993193862509874
chr7	65514658	65525344	5	36	17	22	0|0	0.992741981699614
chr20	10806629	10809752	8	54	21	34	0|0	0.992450735422551
chr21	25997499	26001843	0	60	21	24	0|0	1
chr3	41314775	41320550	0	39	33	21	0|0	0.999999999998949
chr1	16333659	16338348	0	31	20	21	0|0	0.999999999748049
chr10	13062243	13063617	2	35	19	14	0|0	0.999999937927621
chr8	102422100	102423344	0	13	3	8	0|0	0.999872813613264
chr14	93459004	93461107	0	16	1	1	0|0	0.995654396886811
