chr	start	end	CC_counts_W	CC_counts_C	WC_counts_W	WC_counts_C	genotype	probability
chr1	149825866	149864067	39	42	92	5	1|0	1
chr1	248519447	248530939	39	58	2	104	0|1	1
chr10	55007429	55013388	11	30	0	40	0|1	0.999999999979822
chr13	18215202	18357590	483	455	1471	44	1|0	1
chr15	23252404	23312907	66	57	84	11	1|0	0.999991942335287
chr15	82337122	82527079	185	230	330	31	1|0	1
chr15	84267648	84513678	234	248	357	57	1|0	0.999977710949038
chr16	18122626	18256440	520	341	459	45	1|0	1
chr16	28457770	28740547	1110	1107	78	1283	0|1	1
chr16	32790679	33540870	856	834	65	961	0|1	1
chr17	18423506	18512829	314	347	40	428	0|1	1
chr2	91820048	92039398	1016	1105	167	1746	0|1	1
chr2	138247262	138251292	15	20	2	42	0|1	0.999999997333583
chr22	23949470	23963321	22	36	45	0	1|0	0.999999999999903
chr4	87925967	87937050	53	62	94	0	1|0	1
chr4	187949347	187955833	32	30	2	37	0|1	0.99999991820095
chr6	76109065	76158338	258	248	3	642	0|1	1
chr7	63367442	63382454	64	59	121	0	1|0	1
chr8	2250154	2479751	187	276	44	345	0|1	1
chr8	8230468	12095842	22745	22830	40751	1535	1|0	1
chr8	12284715	12327290	36	51	64	1	1|0	1
chr9	87918874	88139672	1174	1112	107	2099	0|1	1
chr9	123977744	123993326	84	69	1	184	0|1	1
chrX	52070847	52192188	494	496	1244	7	1|0	1
chrX	52920148	52935790	61	70	0	169	0|1	1
chrX	63182029	63198950	43	25	91	0	1|0	1
chrX	103977469	104062961	351	365	32	835	0|1	1
chrX	106269331	106298502	52	59	11	148	0|1	1
chrX	152720403	152749366	136	136	7	237	0|1	1
chrX	154346996	154385012	256	267	4	550	0|1	1
chr1	13104310	13122300	168	0	81	104	1|1	1
chr1	108311832	108413037	557	5	390	377	1|1	1
chr1	120319721	120586385	1010	67	788	773	1|1	1
chr1	144077028	144882807	698	78	524	496	1|1	1
chr1	148891846	149229929	1144	134	898	950	1|1	1
chr11	50132879	50347138	2259	23	1150	1080	1|1	1
chr11	62094890	62101552	29	2	13	10	1|1	0.99997849910848
chr12	12392075	12393542	11	0	5	9	1|1	0.998633623593563
chr12	13394803	13398419	11	0	1	3	1|1	0.965524296054277
chr14	65375819	65376417	8	0	2	1	1|1	0.972324952133849
chr15	20984202	21021610	198	30	79	137	1|1	0.999994231478706
chr16	1236513	1254727	107	16	41	35	1|1	0.999046899948527
chr16	14769189	15377775	2665	197	888	864	1|1	1
chr16	85155108	85156194	21	0	3	3	1|1	0.999978514538189
chr18	12143284	12150155	39	3	23	12	1|1	0.999998640986346
chr2	110069761	110276363	1682	31	768	828	1|1	1
chr21	26648558	26649290	9	0	6	3	1|1	0.994574825028602
chr22	21442965	21496091	361	20	127	148	1|1	1
chr3	44699174	44700805	19	1	8	5	1|1	0.99965986998758
chr5	64470811	64477818	67	1	50	58	1|1	1
chr5	181098356	181102201	28	2	12	7	1|1	0.999957360374397
chr6	26738682	26763103	80	1	61	60	1|1	1
chr6	106721270	106723099	21	0	14	7	1|1	0.999998544438596
chr7	54231737	54316407	744	3	424	396	1|1	1
chr7	62156625	62233976	502	20	270	277	1|1	1
chr7	62291688	62373989	878	74	659	470	1|1	1
chr7	65120279	65503542	2906	80	1660	1572	1|1	1
chr7	65514658	65525344	30	1	22	16	1|1	0.999999817733707
chr7	70961198	70973894	205	2	104	115	1|1	1
chr7	107419636	107421467	19	0	4	5	1|1	0.9999936132557
chr8	6297654	6299909	16	0	5	4	1|1	0.999954727278144
chr9	40691369	40868523	972	145	634	512	1|1	1
chr9	42612724	42672932	76	6	43	31	1|1	0.999999999997156
chr9	61128340	61231967	226	30	160	152	1|1	0.999999999999972
chr9	61785368	62149739	628	72	488	315	1|1	1
chrX	51685762	51700475	73	5	68	80	1|1	0.999999999999627
chrX	52498927	52512444	126	11	75	62	1|1	1
chrX	101599700	101611389	85	7	69	59	1|1	0.999999999999645
chrX	149671972	149735388	584	36	283	314	1|1	1
chr7	47614243	47615360	3	6	5	0	1|0	0.930417174829592
chr12	71139014	71139972	2	14	3	4	0|0	0.895800234503311
chr1	187497343	187497605	0	2	1	1	0|0	0.884867269306713
chr12	49788829	49789146	0	4	0	1	0|0	0.852260441039931
chr10	50751431	50776265	28	167	125	114	0|0	0.729541785425854
chr16	48616898	48617568	5	5	1	8	0|1	0.660468724700866
chr10	57497898	57498195	2	0	1	1	1|1	0.625111897624166
chr4	145693822	145694599	2	0	1	2	1|1	0.625111897624166
chr6	12430507	12433398	6	34	16	28	0|0	0.595788953413288
chrX	6218929	6220353	1	4	7	5	0|0	0.586120738646556
chr3	43793602	43794494	3	15	7	15	0|0	0.542796822803869
chr10	13063000	13063272	2	3	7	1	1|0	0.520091724529208
chr9	113104588	113119860	4	19	16	14	0|0	0.49952198714645
chr17	5981170	5984654	7	31	15	11	0|0	0.482613973770066
chrX	72855897	72874910	6	21	8	13	0|0	0.482320685234051
chr11	48880467	48899971	10	43	20	34	0|0	0.482306394376495
chr14	18601518	18652308	44	245	238	102	0|0	0.482303898940183
chr1	239952717	239953380	6	14	13	6	0|0	0.482301020820373
chr3	195615104	195996875	555	3273	2198	2254	0|0	0.482300885001545
chrX	135713409	135798324	45	228	180	178	0|0	0.482300885000448
chr10	47467226	47780369	266	1113	766	821	0|0	0.482300885000009
chr15	21836222	22618492	495	1640	1104	734	0|0	0.482300885000009
chr16	21567330	22699430	9628	1634	3546	3468	0|0	0.482300885000009
chr1	12836750	12878429	130	340	219	350	0|0	0.482300885000002
chr17	21400640	21450526	188	584	265	258	0|0	0.482300885000002
chr9	39822327	40678269	838	608	523	947	0|0	0.482300885000002
chr10	87238107	87298830	63	160	101	121	0|0	0.482300885000001
chr11	89791414	90024201	284	377	320	254	0|0	0.482300885000001
chr15	21032464	21073547	134	156	101	175	0|0	0.482300885000001
chr16	74408184	74419503	80	174	84	65	0|0	0.482300885000001
chr2	89032595	89061774	135	84	104	64	0|0	0.482300885000001
chr2	130533892	130650178	193	291	270	253	0|0	0.482300885000001
chr7	56937311	57086047	198	343	339	304	0|0	0.482300885000001
chr9	41768334	42093866	710	890	913	835	0|0	0.482300885000001
chr5	46435513	46565431	0	0	0	1	0|0	0.482300885
chr5	148174677	148175214	0	0	1	0	0|0	0.482300885
chr11	36309611	36309951	18	15	12	11	0|0	0.482300885
chr12	131652899	131663807	61	52	44	56	0|0	0.482300885
chr15	75273163	75278891	51	40	40	34	0|0	0.482300885
chr20	26061210	26091730	45	56	33	50	0|0	0.482300885
chr7	5906707	5978872	103	149	109	111	0|0	0.482300885
chr7	150000281	150005158	21	50	61	50	0|0	0.482300885
chr9	62420001	62487139	22	48	48	23	0|0	0.482300885
chrX	153066014	153084051	24	48	15	33	0|0	0.482300885
chr16	18723622	18753202	92	206	61	109	0|0	0.482300884999999
chr16	55815554	55835064	86	197	124	81	0|0	0.482300884999999
chr2	97214646	97497378	191	419	255	309	0|0	0.482300884999999
chr7	63487699	63651382	298	484	502	399	0|0	0.482300884999999
chr8	7765525	7912385	247	112	97	220	0|0	0.482300884999999
chr8	12327903	12393421	208	120	224	73	0|0	0.482300884999999
chr9	39473588	39822325	485	782	657	697	0|0	0.482300884999999
chrX	102259696	102405716	79	79	160	36	0|0	0.482300884999999
chr17	21687297	21824188	571	1326	625	624	0|0	0.482300884999996
chr7	61579455	61816965	208	775	555	517	0|0	0.482300884999996
chr9	65645191	66183068	607	525	891	300	0|0	0.482300884999996
chr9	64724183	65025124	439	240	134	761	0|0	0.482300884999434
chr7	40838612	40840870	5	8	4	7	0|0	0.482299400105906
chr11	4274130	4292550	23	6	8	17	0|0	0.482276258027303
chr8	8196161	8230466	10	8	4	16	0|0	0.481521354866049
chr10	4963342	5003451	12	358	201	175	0|0	1
chr10	37103754	37113528	6	87	61	53	0|0	1
chr10	46372318	47419392	675	7852	5073	4800	0|0	1
chr10	65465126	65473910	0	59	42	40	0|0	1
chr11	66250101	66253619	0	64	30	33	0|0	1
chr12	46896525	46916007	4	246	82	95	0|0	1
chr13	52261419	52289912	2	123	83	81	0|0	1
chr13	63727367	63760841	18	180	143	160	0|0	1
chr14	18652959	18712327	58	500	403	200	0|0	1
chr14	60605282	60612178	0	72	37	27	0|0	1
chr15	32153541	32314518	12	140	58	61	0|0	1
chr17	18607041	18827456	152	2037	698	658	0|0	1
chr17	60024806	60126538	42	888	325	332	0|0	1
chr2	95481309	95598040	12	999	453	463	0|0	1
chr2	95773379	96033749	88	2141	1008	1004	0|0	1
chr3	131969241	131978043	1	100	51	51	0|0	1
chr4	167184943	167197126	5	144	39	26	0|0	1
chr6	167223171	167284150	11	629	409	416	0|0	1
chr7	5978874	6747083	106	7469	3177	3643	0|0	1
chr7	57777902	58068779	75	3040	1645	1690	0|0	1
chr7	72976532	75415215	523	15999	8921	9063	0|0	1
chr7	97437020	97460380	4	232	153	164	0|0	1
chr7	143711190	143772948	16	243	156	149	0|0	1
chr9	30951811	30956681	0	51	24	29	0|0	1
chr9	42273791	42294357	3	162	92	101	0|0	1
chr9	66591387	67320553	231	2746	1008	1890	0|0	1
chrX	55480280	55494262	3	171	97	119	0|0	1
chrX	73004367	73079523	13	647	457	447	0|0	1
chrX	120075637	120172547	21	716	395	363	0|0	1
chrX	135147415	135225242	11	685	319	417	0|0	1
chrX	135623456	135670276	17	574	346	349	0|0	1
chrX	149615316	149663655	28	538	275	304	0|0	1
chrX	149742318	149776625	24	245	150	174	0|0	1
chrX	153149250	153250542	16	1167	615	607	0|0	1
chrX	154591724	154613549	5	306	157	140	0|0	1
chr19	50604046	50609088	1	53	27	30	0|0	0.999999999999995
chr1	157916148	157919336	1	50	25	28	0|0	0.999999999999956
chr14	34547916	34555189	1	50	29	23	0|0	0.999999999999956
chr17	30621716	30625809	0	44	25	18	0|0	0.999999999999956
chr9	102565838	102570255	0	41	24	19	0|0	0.999999999999655
chr6	130527040	130531147	0	37	22	23	0|0	0.999999999994663
chrX	76141674	76153292	0	36	18	25	0|0	0.999999999989416
chr12	71314623	71317616	0	37	8	14	0|0	0.999999999986143
chr1	197786515	197788856	1	40	22	23	0|0	0.999999999959303
chr2	16225238	16226719	0	34	13	10	0|0	0.999999999958374
chr5	116011018	116015368	1	39	32	24	0|0	0.999999999919289
chr2	128926439	128928541	0	34	8	6	0|0	0.999999999462772
chr14	47853926	47856952	1	35	17	13	0|0	0.999999998751508
chr1	92795193	92798124	0	29	11	13	0|0	0.999999998723054
chrX	48396037	48399308	0	27	17	17	0|0	0.999999994977723
chr13	37314911	37318147	0	26	18	27	0|0	0.999999990039877
chr19	16056196	16058829	0	26	16	17	0|0	0.999999990039877
chr3	41319548	41322314	0	26	24	20	0|0	0.999999990039877
chr4	133003137	133008095	0	36	13	6	0|0	0.999999984786641
chr18	13918346	13919778	0	25	17	12	0|0	0.999999980247199
chr6	168692356	168695795	1	28	10	18	0|0	0.999999849362267
chr17	34854675	34855873	1	28	6	7	0|0	0.999999849110302
chr2	183703965	183707282	0	22	13	7	0|0	0.999999845673504
chr12	71546054	71547817	1	27	8	14	0|0	0.999999701248597
chr1	227492259	227500523	9	74	31	33	0|0	0.999999505273246
chr6	168390177	168392202	2	32	13	19	0|0	0.999999420738915
chr7	129178544	129181125	0	20	11	14	0|0	0.999999394033886
chr10	98733702	98735970	0	19	11	13	0|0	0.999998798256271
chr9	105053366	105056276	3	35	18	11	0|0	0.999995582503571
chr5	170170693	170171747	1	23	11	15	0|0	0.999995378850229
chr20	10807400	10808751	0	17	6	12	0|0	0.999995265863521
chr7	151312948	151315017	2	28	26	14	0|0	0.999991039681934
chr6	94029849	94031734	1	22	14	17	0|0	0.9999908354687
chr3	104587454	104589764	0	16	20	11	0|0	0.999990626601355
chr2	143314030	143316598	0	16	4	10	0|0	0.999983730219365
chr4	162656318	162659248	4	39	12	12	0|0	0.999983013390192
chr2	50587051	50589804	2	27	17	16	0|0	0.999982230301386
chr16	69727904	69728986	0	15	5	6	0|0	0.999981403554412
chr4	40233406	40236154	0	31	3	6	0|0	0.999973482725541
chrX	5811083	5812751	0	14	10	19	0|0	0.999963136032212
chr12	65423608	65426407	0	14	4	7	0|0	0.999962251811607
chr1	80327754	80330649	0	13	10	9	0|0	0.999926896915958
chr12	127905269	127908444	0	13	4	6	0|0	0.999926450996368
chr4	106396004	106399253	2	24	10	5	0|0	0.999861313532036
chr3	191115781	191116229	0	14	2	3	0|0	0.999759321015901
chr6	128959877	128962183	0	10	11	14	0|0	0.999430346243838
chr17	14756063	14759055	4	33	19	12	0|0	0.998968571812465
chr2	240672311	240700084	31	194	86	118	0|0	0.998887025116935
chr14	40905661	40908696	1	14	18	14	0|0	0.997816292915139
chr2	124293287	124295662	1	14	11	19	0|0	0.997816292915138
chr2	221701999	221704407	0	8	5	4	0|0	0.997766510578205
chr8	137117242	137119322	0	7	4	4	0|0	0.995589497356842
chr13	85728870	85731234	1	12	15	17	0|0	0.991516357169131
chr1	43592391	43594266	2	17	12	12	0|0	0.983799531558459
chr1	175231430	175232801	2	17	9	11	0|0	0.983799531558441
chr8	12080895	12178685	36	270	219	47	0|0	1
chr9	63372330	63410028	5	104	47	88	0|0	1
chr21	25997733	26001820	0	48	16	10	0|0	0.999999999999988
chr1	13051648	13068852	4	54	38	27	0|0	0.999999999411616
chr1	16330501	16338336	0	29	21	46	0|0	0.999999998723053
chr8	102420766	102424278	0	20	9	13	0|0	0.999999394033815
chr14	93458030	93462302	0	16	13	9	0|0	0.999990626601285
chr12	39466484	39467090	0	14	5	6	0|0	0.999963128473247
chr6	89212784	89214766	0	13	9	6	0|0	0.999926895933034
