chr	start	end	CC_counts_W	CC_counts_C	WC_counts_W	WC_counts_C	genotype	probability
chr1	108311832	108413037	420	394	903	15	1|0	1
chr1	144077028	144882807	526	506	147	1332	0|1	1
chr1	148891846	149229929	931	1304	2566	245	1|0	1
chr1	149825866	149864067	46	52	107	2	1|0	1
chr10	4963342	5003451	174	191	617	34	1|0	1
chr10	37103754	37113528	50	41	4	192	0|1	1
chr11	48888690	48891906	27	23	34	0	1|0	0.999999999851303
chr11	50132879	50347138	1702	1575	54	2811	0|1	1
chr12	46896525	46916007	117	135	11	303	0|1	1
chr15	23252404	23312907	70	45	11	115	0|1	0.999999999999986
chr16	1236513	1254727	123	82	25	160	0|1	0.977110624119145
chr16	14769189	15377775	1964	2327	317	3135	0|1	1
chr2	89032516	89049003	116	39	11	97	0|1	0.999999996619877
chr2	91820048	92039398	1657	1503	236	2292	0|1	1
chr2	138247262	138251292	28	32	70	0	1|0	1
chr22	23949470	23963321	31	59	72	1	1|0	1
chr4	187949347	187955833	33	45	80	7	1|0	0.999999999981124
chr6	26738682	26763103	159	159	5	392	0|1	1
chr7	47614243	47615360	6	11	23	0	1|0	0.999999708270728
chr7	65120279	65503542	1926	2073	4607	163	1|0	1
chr7	65514658	65525344	21	20	44	3	1|0	0.999999952023978
chr7	72976532	75415215	11773	11257	1269	24501	0|1	1
chr7	143711190	143772948	242	180	47	461	0|1	1
chr8	2250154	2479751	345	273	563	52	1|0	1
chr8	8230468	12095842	33313	34463	1824	59999	0|1	1
chr8	12284715	12327290	106	47	2	156	0|1	1
chr9	30951811	30956681	28	27	50	1	1|0	0.999999999999828
chr9	113111431	113113033	17	10	27	0	1|0	0.999999981932848
chr9	123977744	123993326	123	138	275	9	1|0	1
chrX	6218929	6220353	6	13	0	16	0|1	0.999965864393983
chrX	51685762	51700475	112	50	108	4	1|0	1
chrX	52070847	52192188	1088	403	1041	32	1|0	1
chrX	55480280	55494262	67	167	6	205	0|1	1
chrX	103977469	104062961	727	333	753	42	1|0	1
chrX	152720403	152749366	204	104	248	23	1|0	1
chr1	13104310	13122300	240	5	117	105	1|1	1
chr1	120319721	120586385	1480	53	987	1012	1|1	1
chr1	248519447	248530939	148	3	64	66	1|1	1
chr11	4274130	4292550	144	17	55	44	1|1	0.999999999995438
chr11	62095374	62100672	29	0	10	9	1|1	0.999999993473946
chr12	12392244	12393691	14	0	9	11	1|1	0.999808784820108
chr12	13393694	13397757	13	0	11	12	1|1	0.999620489242621
chr13	18215202	18357590	1939	49	818	832	1|1	1
chr13	63727367	63760841	281	8	128	114	1|1	1
chr14	34547916	34555189	114	1	35	45	1|1	1
chr16	32684538	33083139	2028	137	717	655	1|1	1
chr16	85155108	85156194	20	0	13	9	1|1	0.999996875140752
chr17	5982391	5983306	9	0	4	3	1|1	0.994127013101323
chr17	30621716	30625809	66	0	29	25	1|1	1
chr22	21442965	21496091	388	15	242	198	1|1	1
chr4	87925967	87937050	152	4	90	69	1|1	1
chr6	106721245	106723106	27	0	11	3	1|1	0.997948857693155
chr7	54231737	54316407	816	13	608	572	1|1	1
chr7	62156625	62233976	627	68	493	510	1|1	1
chr7	70961198	70973894	257	0	154	144	1|1	1
chr7	107418031	107423297	15	1	12	10	1|1	0.993552167424259
chr8	6297638	6299920	21	1	6	4	1|1	0.999892869797408
chr8	8179263	8231272	443	62	125	356	1|1	1
chr9	40691369	40868523	742	108	515	533	1|1	1
chr9	41768334	42093866	910	119	736	494	1|1	1
chrX	52498927	52512444	181	13	58	70	1|1	1
chrX	52920148	52935790	190	2	82	87	1|1	1
chrX	76141674	76153292	32	4	11	20	1|1	0.983090684140061
chrX	101599700	101611389	105	5	38	60	1|1	1
chrX	106269331	106298502	148	22	56	68	1|1	0.999590471085241
chrX	149671972	149735388	777	20	306	350	1|1	1
chrX	153149250	153250542	1397	39	648	632	1|1	1
chr3	44699174	44700805	11	1	8	7	1|1	0.909807149297184
chr6	89213915	89214239	4	0	4	4	1|1	0.850244130358959
chr5	46435513	46565431	1	2	3	0	1|0	0.780879227342894
chr8	102423261	102423781	0	9	5	0	0|0	0.713169271921875
chr12	39466290	39466514	0	5	4	0	0|0	0.710497229384684
chr8	12327903	12393421	28	327	21	294	0|0	0.689419795421916
chr1	43592391	43594266	4	24	26	22	0|0	0.655701769741078
chr1	175231430	175232801	5	30	20	17	0|0	0.643255990991556
chr5	148174677	148175214	2	0	1	3	1|1	0.592536737683271
chr4	145693822	145694599	5	0	4	0	1|0	0.542492540402175
chr10	57497898	57498195	3	0	0	2	0|1	0.471997518581527
chr14	93459856	93460160	1	0	1	1	1|1	0.457095425575786
chr10	13063000	13063272	0	0	2	0	1|0	0.448798676817424
chr16	69727904	69728986	5	22	12	10	0|0	0.44816189691733
chr16	48616898	48617568	5	16	4	4	0|0	0.446923005043133
chr18	13918346	13919778	7	19	13	14	0|0	0.44690269047352
chr11	36309611	36309951	11	23	20	12	0|0	0.446902655000027
chr11	89791414	90024201	217	717	466	462	0|0	0.446902655000006
chr15	21836222	22618492	725	1822	591	1503	0|0	0.446902655000006
chr15	84267648	84513678	611	116	304	286	0|0	0.446902655000006
chr16	21567330	22699430	8070	8220	9489	1643	0|0	0.446902655000006
chr17	21687297	21824188	699	1685	1109	1128	0|0	0.446902655000006
chr2	109980901	110479316	1765	577	526	1367	0|0	0.446902655000006
chr9	39473588	39822325	348	1170	688	745	0|0	0.446902655000006
chrX	153066014	153084051	47	54	35	29	0|0	0.446902655
chr12	49788829	49789146	0	0	0	0	0|0	0.446902655
chr1	13045881	13068467	24	81	55	55	0|0	0.446902655
chr10	50751431	50776265	70	201	204	182	0|0	0.446902655
chr10	87238107	87298830	37	163	216	204	0|0	0.446902655
chr12	131652899	131663807	73	83	109	134	0|0	0.446902655
chr13	52261419	52289912	130	197	86	188	0|0	0.446902655
chr14	18601518	18652308	93	417	188	177	0|0	0.446902655
chr14	18652959	18712327	217	628	306	368	0|0	0.446902655
chr15	20984202	21021610	302	119	212	191	0|0	0.446902655
chr15	21032464	21073547	417	87	227	214	0|0	0.446902655
chr15	75273163	75278891	122	37	49	64	0|0	0.446902655
chr16	55815554	55835064	147	327	197	132	0|0	0.446902655
chr16	74408184	74419503	52	83	73	43	0|0	0.446902655
chr17	21400640	21450526	244	687	495	511	0|0	0.446902655
chr19	50604046	50609088	43	53	63	31	0|0	0.446902655
chr2	97214646	97497378	506	546	608	246	0|0	0.446902655
chr2	130533892	130650178	405	540	388	368	0|0	0.446902655
chr2	240672311	240700084	138	212	222	68	0|0	0.446902655
chr20	26061210	26091730	127	120	47	153	0|0	0.446902655
chr5	64470811	64477818	127	39	28	67	0|0	0.446902655
chr7	5906707	5978872	90	230	147	244	0|0	0.446902655
chr7	56937311	57086047	194	449	327	509	0|0	0.446902655
chr7	63487699	63651382	452	800	609	865	0|0	0.446902655
chr8	7765525	7912385	273	490	514	236	0|0	0.446902655
chr8	12158093	12226511	210	358	192	300	0|0	0.446902655
chr9	39822327	40678269	702	920	685	1110	0|0	0.446902655
chr9	42273791	42294357	125	191	249	134	0|0	0.446902655
chr9	61128340	61231967	173	163	127	292	0|0	0.446902655
chr9	61785368	62149739	532	194	496	405	0|0	0.446902655
chr9	62420001	62487139	61	50	36	106	0|0	0.446902655
chr9	63252862	63392265	401	480	525	524	0|0	0.446902655
chr9	65645191	66183068	702	626	1031	460	0|0	0.446902655
chrX	72855897	72874910	12	21	15	18	0|0	0.446902655
chrX	135713409	135798324	260	87	153	134	0|0	0.446902655
chr17	18423506	18512829	205	916	574	487	0|0	0.446902654999993
chrX	102259696	102405716	206	38	122	87	0|0	0.446902654052037
chr18	12143284	12150155	43	11	30	29	0|0	0.446902648453274
chr1	187497343	187497605	2	0	1	0	1|1	0.440660910908645
chr1	12836750	12878429	8	547	295	347	0|0	1
chr1	197786515	197788856	1	67	38	25	0|0	1
chr10	46372318	47419392	735	9257	8872	8328	0|0	1
chr10	47467226	47780369	107	1179	1214	1198	0|0	1
chr10	65465126	65473910	0	79	63	73	0|0	1
chr13	37314911	37318147	0	53	13	21	0|0	1
chr14	60605282	60612178	2	97	43	40	0|0	1
chr15	32153541	32314518	4	166	59	83	0|0	1
chr15	82337122	82527079	28	584	221	228	0|0	1
chr16	28457770	28740547	174	3011	1064	1076	0|0	1
chr17	18607041	18827456	55	2489	1217	1142	0|0	1
chr17	60024806	60126538	34	1252	661	640	0|0	1
chr2	95481309	95598040	26	1397	580	578	0|0	1
chr2	95773379	96033749	170	3269	1387	1406	0|0	1
chr3	131969241	131978043	0	155	70	67	0|0	1
chr3	195615104	195996875	814	5870	2962	2690	0|0	1
chr4	167184943	167197126	9	127	54	80	0|0	1
chr5	116011018	116015368	0	73	29	18	0|0	1
chr6	76109065	76158338	5	735	451	468	0|0	1
chr6	130527040	130531147	0	53	38	40	0|0	1
chr6	167223171	167284150	10	926	573	583	0|0	1
chr6	168390177	168392202	0	55	24	19	0|0	1
chr7	5978874	6747083	333	9018	5573	5338	0|0	1
chr7	57777902	58068779	182	4176	2892	2800	0|0	1
chr7	61579455	61816965	114	1537	1449	712	0|0	1
chr7	62291688	62373989	126	1387	969	859	0|0	1
chr7	63367442	63382454	1	155	110	98	0|0	1
chr7	97437020	97460380	3	365	174	206	0|0	1
chr9	64724183	65025124	67	1079	633	725	0|0	1
chr9	66591387	67320553	380	2403	1450	1421	0|0	1
chr9	87918874	88139672	117	2677	1587	1530	0|0	1
chr9	102565838	102570255	0	77	24	34	0|0	1
chrX	63182029	63198950	0	90	29	36	0|0	1
chrX	73004367	73079523	17	1010	410	357	0|0	1
chrX	120075637	120172547	29	947	364	367	0|0	1
chrX	135147415	135225242	12	979	371	405	0|0	1
chrX	135623456	135670276	11	800	300	328	0|0	1
chrX	149615316	149663655	14	710	313	266	0|0	1
chrX	149742318	149776625	18	337	143	114	0|0	1
chrX	154346996	154385012	11	697	285	272	0|0	1
chrX	154591724	154613549	6	413	149	162	0|0	1
chr3	41319548	41322314	0	50	20	29	0|0	0.999999999999999
chr7	151312948	151315017	0	44	29	33	0|0	0.999999999999951
chr17	14756063	14759055	0	41	17	23	0|0	0.999999999999618
chr5	181098356	181102201	3	59	14	23	0|0	0.999999999999488
chrX	48396037	48399308	1	45	21	10	0|0	0.999999999998238
chr9	42612724	42672932	2	50	50	21	0|0	0.999999999996374
chr14	65374516	65377987	1	43	25	21	0|0	0.999999999993467
chr2	124293287	124295662	0	39	8	16	0|0	0.999999999983178
chrX	5811083	5812751	1	40	8	13	0|0	0.999999999946928
chr14	47853926	47856952	2	46	29	17	0|0	0.999999999943682
chr6	168692356	168695795	0	32	24	16	0|0	0.999999999817181
chr2	16225238	16226719	0	32	22	19	0|0	0.99999999981718
chr10	55007429	55013388	0	31	32	38	0|0	0.999999999637073
chr16	18723622	18753202	30	215	107	117	0|0	0.999999999571457
chr1	239952717	239953380	0	29	13	14	0|0	0.999999998569736
chr2	128926439	128928541	0	29	18	17	0|0	0.999999998569736
chr12	71546054	71547817	1	35	17	18	0|0	0.999999998424101
chr4	40233406	40236154	0	28	20	23	0|0	0.999999997160681
chr4	133003137	133008095	1	34	16	11	0|0	0.999999996871569
chr5	170170693	170171747	2	40	15	10	0|0	0.999999996553018
chr1	92795193	92798124	1	33	12	22	0|0	0.999999993789529
chr3	104587454	104589764	0	21	12	16	0|0	0.999999655015098
chr1	80327754	80330649	0	20	11	6	0|0	0.999999312886784
chr12	127905269	127908444	0	19	11	17	0|0	0.999998640449576
chr12	71139014	71139972	0	19	11	9	0|0	0.999998640449569
chr21	26647154	26650648	2	31	11	18	0|0	0.999998349484432
chr2	221701999	221704407	0	17	6	9	0|0	0.999994641605574
chr3	43793602	43794494	1	22	17	9	0|0	0.999988280920264
chr4	106396004	106399253	3	33	16	14	0|0	0.999971757504704
chr2	143314030	143316598	0	14	10	11	0|0	0.999958086537221
chr3	191115781	191116229	0	14	9	9	0|0	0.999958086537217
chr10	98733702	98735970	2	26	28	29	0|0	0.999949117196337
chr20	10807400	10808751	1	19	18	11	0|0	0.999908330523831
chr8	137117242	137119322	0	12	10	4	0|0	0.999829682490739
chr1	157916148	157919336	8	61	40	50	0|0	0.999819307261638
chr12	65423608	65426407	1	18	12	17	0|0	0.999818050085015
chr2	183703965	183707282	2	24	7	15	0|0	0.999799529393446
chr17	34854675	34855873	7	53	22	22	0|0	0.999354258009835
chr14	40905661	40908696	2	21	25	16	0|0	0.998435516900138
chr4	162656318	162659248	6	44	31	15	0|0	0.995447409063888
chr13	85728870	85731234	3	25	16	14	0|0	0.993270345236516
chr7	129178544	129181125	4	30	15	20	0|0	0.985489779134867
chr2	50587051	50589804	6	42	24	22	0|0	0.982482707422177
chr19	16056196	16058829	2	17	13	13	0|0	0.976661664054263
chr1	227492259	227500523	18	115	70	61	0|0	0.97228788700154
chr16	18390141	18624586	57	1094	412	405	0|0	1
chr21	25994918	26001419	0	66	60	60	0|0	1
chr11	66252470	66255709	0	49	19	26	0|0	0.999999999999998
chr9	105055409	105058416	1	35	15	13	0|0	0.999999998424101
chr12	71313862	71315414	0	19	12	13	0|0	0.999998640449577
chr7	149997904	150002686	11	86	54	62	0|0	0.999998010097731
chr1	16335901	16338333	2	26	6	10	0|0	0.999949116058081
chr7	40836351	40839086	0	12	13	7	0|0	0.999834859672859
chr6	128958557	128961831	1	18	16	17	0|0	0.999818050085015
chr6	94028461	94031523	6	48	33	55	0|0	0.999704590767367
chr6	12429021	12432426	9	64	36	35	0|0	0.998446299798988
