chr	start	end	CC_counts_W	CC_counts_C	WC_counts_W	WC_counts_C	genotype	probability
chr1	13104310	13122300	108	128	5	173	0|1	1
chr1	144077028	144882807	564	606	91	780	0|1	1
chr1	248519447	248530939	53	56	2	129	0|1	1
chr13	18215202	18357590	527	560	1461	66	1|0	1
chr15	23252404	23312907	74	80	130	5	1|0	1
chr15	82337122	82527079	184	230	47	530	0|1	1
chr16	14769189	15377775	1318	1531	3020	166	1|0	1
chr16	32790679	33540870	672	655	1496	131	1|0	1
chr17	30616145	30631343	16	26	11	93	0|1	0.999999983467085
chr3	131968697	131978538	61	76	3	93	0|1	1
chr4	187953738	187955178	3	11	0	7	0|1	0.976964997703088
chr5	181098356	181102201	26	26	4	36	0|1	0.999452366211081
chr7	54231737	54316407	466	482	11	614	0|1	1
chr7	143711190	143772948	167	175	234	6	1|0	1
chr8	2250154	2479751	255	256	376	62	1|0	0.960147225168391
chr9	61128340	61231967	136	160	285	40	1|0	0.999999999999957
chr9	64724183	65025124	478	430	1099	114	1|0	1
chr9	113111554	113113046	6	12	0	16	0|1	0.999961628986259
chr9	123976373	123993780	95	104	251	8	1|0	1
chrX	6218929	6220353	5	16	0	12	0|1	0.999361391516794
chrX	52070847	52192188	658	713	14	1138	0|1	1
chrX	55464229	55511347	128	120	6	179	0|1	1
chrX	149591230	149663655	449	379	65	930	0|1	1
chrX	149671972	149735388	311	345	716	49	1|0	1
chrX	149742318	149776625	163	151	25	352	0|1	1
chrX	152705955	152752524	154	132	306	41	1|0	1
chrX	154346996	154385012	324	355	748	19	1|0	1
chrX	154581225	154633196	191	180	23	422	0|1	1
chr1	108311832	108413037	836	17	287	280	1|1	1
chr1	120324178	120664533	1590	141	651	703	1|1	1
chr1	148891846	149229929	1845	248	815	873	1|1	1
chr10	55007563	55013187	50	0	23	26	1|1	0.999999999999996
chr11	4269812	4289271	65	4	16	39	1|1	0.999999999998614
chr11	50132556	50347138	2475	25	1216	1207	1|1	1
chr11	62095352	62100661	27	1	13	14	1|1	0.999998698167817
chr12	13393516	13397998	12	1	8	6	1|1	0.964042182944003
chr15	20984202	21021610	225	4	96	155	1|1	1
chr16	1232610	1253903	153	13	90	89	1|1	1
chr16	21583197	22698698	8319	1298	5504	5416	1|1	1
chr16	28457770	28740547	1952	142	1214	1307	1|1	1
chr16	85155108	85156014	11	0	6	6	1|1	0.998752064348475
chr18	12145022	12150137	51	4	21	23	1|1	0.999999979831492
chr2	110095092	110276394	1680	16	901	1072	1|1	1
chr2	138246675	138251784	28	0	21	21	1|1	0.999999988997949
chr22	21442965	21496091	338	17	200	259	1|1	1
chr3	44699487	44700805	11	0	4	10	1|1	0.998732576515229
chr4	87925967	87937206	103	4	58	60	1|1	1
chr4	145693712	145694599	6	0	4	6	1|1	0.963358381788274
chr5	64470716	64477819	139	6	46	61	1|1	1
chr6	26722648	26781180	164	5	41	27	1|1	1
chr6	106721156	106723688	21	2	4	15	1|1	0.994706482613062
chr7	47614509	47615124	14	0	8	3	1|1	0.999543879048178
chr7	62156625	62233976	579	5	214	194	1|1	1
chr7	62291688	62373989	1232	127	449	502	1|1	1
chr7	63367442	63382454	177	0	54	47	1|1	1
chr7	65120279	65503542	3981	107	1371	1467	1|1	1
chr7	65514658	65525344	35	0	8	27	1|1	0.999999824871096
chr7	70954996	70974536	255	18	104	106	1|1	1
chr7	107418031	107423297	20	1	11	5	1|1	0.999842279190036
chr8	6297689	6300042	23	1	9	7	1|1	0.999979860600469
chr8	8196161	8230466	25	3	7	23	1|1	0.982166837082274
chrX	51669469	51713883	147	4	56	62	1|1	1
chrX	52489201	52533696	155	8	65	63	1|1	1
chrX	52920102	52951601	184	2	82	73	1|1	1
chrX	101597522	101616276	93	12	63	66	1|1	0.999998951486606
chrX	103977469	104062961	916	18	487	468	1|1	1
chrX	106278180	106288180	125	0	54	64	1|1	1
chr2	50587051	50589804	3	20	26	28	0|0	0.885359278588822
chr12	39466254	39466531	0	2	1	3	0|0	0.865085201916703
chr7	40833456	40842024	8	49	23	24	0|0	0.823422969880888
chr12	71139014	71139972	1	7	5	9	0|0	0.806563410449706
chr9	42273791	42294357	7	94	16	128	0|0	0.709219858428489
chr22	23949470	23963321	26	0	26	2	1|0	0.512434050846165
chr16	48616897	48617754	2	5	8	3	0|0	0.456537635694711
chr21	26647154	26650648	5	21	21	19	0|0	0.453638060647386
chr1	16336670	16338771	5	21	6	8	0|0	0.453638059757121
chr17	5981170	5984654	5	17	30	30	0|0	0.45256312931147
chr1	13045881	13068467	16	64	39	21	0|0	0.452488688206884
chr1	227492259	227500523	21	62	49	18	0|0	0.452488688
chr10	47467226	47780369	370	1326	926	903	0|0	0.452488688
chr10	50751431	50776265	48	205	139	96	0|0	0.452488688
chr10	87238107	87298830	46	173	144	134	0|0	0.452488688
chr11	48880467	48899971	20	47	40	21	0|0	0.452488688
chr11	89744798	90095507	282	1205	639	525	0|0	0.452488688
chr12	12391025	12394627	15	17	24	19	0|0	0.452488688
chr12	131652899	131663807	56	80	90	94	0|0	0.452488688
chr14	18601518	18652308	79	189	159	146	0|0	0.452488688
chr14	18652959	18712327	123	395	329	304	0|0	0.452488688
chr15	21032464	21073547	161	59	129	89	0|0	0.452488688
chr15	75273163	75278891	60	38	60	64	0|0	0.452488688
chr15	84267648	84513678	242	221	99	470	0|0	0.452488688
chr16	18723622	18753202	61	162	161	97	0|0	0.452488688
chr16	55766401	55837260	86	356	141	426	0|0	0.452488688
chr16	74408184	74419503	49	127	127	119	0|0	0.452488688
chr17	21400640	21450526	110	413	544	540	0|0	0.452488688
chr17	21687297	21824188	371	847	1277	1350	0|0	0.452488688
chr2	89032595	89061774	57	104	154	101	0|0	0.452488688
chr2	130533892	130650178	212	255	393	374	0|0	0.452488688
chr2	240672311	240702025	73	193	167	146	0|0	0.452488688
chr20	26061210	26091730	50	93	48	93	0|0	0.452488688
chr5	46435513	46565431	0	0	0	0	0|0	0.452488688
chr5	148174675	148175214	0	0	0	1	0|0	0.452488688
chr7	5906707	5978872	111	199	90	148	0|0	0.452488688
chr7	56937311	57086047	371	623	316	410	0|0	0.452488688
chr7	61579455	61816965	381	1250	468	647	0|0	0.452488688
chr7	63487699	63651382	303	563	246	352	0|0	0.452488688
chr8	7765525	7912385	259	192	303	73	0|0	0.452488688
chr8	12158093	12226511	148	427	350	193	0|0	0.452488688
chr9	39473588	39822325	340	974	849	655	0|0	0.452488688
chr9	39822327	40678269	1045	535	1190	754	0|0	0.452488688
chr9	40691369	40868523	725	407	964	476	0|0	0.452488688
chr9	41768334	42093866	488	680	749	670	0|0	0.452488688
chr9	42612724	42672932	64	19	66	65	0|0	0.452488688
chr9	61785368	62149739	565	337	637	472	0|0	0.452488688
chr9	62420001	62487139	24	91	59	75	0|0	0.452488688
chr9	63252862	63392265	496	410	468	720	0|0	0.452488688
chr9	65645191	66183068	365	989	806	817	0|0	0.452488688
chr9	66591387	67320553	1033	1776	1397	2280	0|0	0.452488688
chrX	102259696	102405716	93	104	46	171	0|0	0.452488688
chrX	153066014	153084051	23	55	45	37	0|0	0.452488688
chr11	36309611	36309951	23	14	9	20	0|0	0.45248868798447
chrX	72855897	72874910	10	16	7	14	0|0	0.452488687091534
chr1	149820003	149876338	61	94	21	104	0|0	0.45248861518928
chr12	49788783	49789348	0	0	2	0	1|0	0.417757740573149
chr10	57497898	57498223	1	0	0	1	0|1	0.404703448462581
chr14	93459758	93460230	1	0	0	0	1|1	0.384961816298199
chr1	12836750	12878429	10	477	192	165	0|0	1
chr1	157916148	157919336	0	69	22	14	0|0	1
chr1	197786515	197789904	0	73	39	30	0|0	1
chr10	4951216	5015194	17	568	321	366	0|0	1
chr10	37103754	37113528	2	98	47	48	0|0	1
chr10	46372318	47419392	781	9849	5627	5629	0|0	1
chr10	65463858	65475868	0	123	75	65	0|0	1
chr11	66250101	66253619	0	65	28	23	0|0	1
chr12	46896485	46916160	0	217	134	125	0|0	1
chr12	71541193	71552738	0	109	70	85	0|0	1
chr13	52215009	52595850	95	2084	1462	1396	0|0	1
chr13	63716793	63769525	6	195	127	117	0|0	1
chr14	34545248	34562456	3	70	62	52	0|0	1
chr14	60604530	60613253	0	71	54	44	0|0	1
chr15	21836222	22618492	92	1259	1032	640	0|0	1
chr15	32153541	32314518	9	141	62	67	0|0	1
chr16	16210630	18436487	376	17041	10181	9753	0|0	1
chr17	18423506	18512829	52	383	539	557	0|0	1
chr17	18607041	18827456	64	1152	1363	1357	0|0	1
chr17	60024806	60126538	31	626	678	695	0|0	1
chr19	50604046	50609088	0	77	36	36	0|0	1
chr2	91820048	92039398	114	1666	1192	1262	0|0	1
chr2	95481309	95598040	3	918	594	596	0|0	1
chr2	95773379	96033749	92	1940	1406	1354	0|0	1
chr3	195615104	195996875	449	4390	2718	2383	0|0	1
chr4	167184943	167197126	4	90	37	40	0|0	1
chr6	76106270	76159073	5	766	256	272	0|0	1
chr6	130525181	130535874	1	161	67	67	0|0	1
chr6	167194362	167358477	123	2242	1246	1135	0|0	1
chr7	5978874	6747083	166	9374	3466	3554	0|0	1
chr7	57777902	58068779	130	4063	1405	1415	0|0	1
chr7	72949859	75422553	907	23490	8743	8305	0|0	1
chr7	97436188	97461596	5	334	138	133	0|0	1
chr8	8230468	12095842	595	57818	24188	23522	0|0	1
chr8	12284715	12327290	1	108	54	35	0|0	1
chr8	12327903	12393421	0	284	214	68	0|0	1
chr9	30951219	30957634	1	60	36	27	0|0	1
chr9	87918874	88139672	114	2485	1360	1291	0|0	1
chrX	63182029	63198950	2	99	39	47	0|0	1
chrX	73004367	73079523	17	929	369	412	0|0	1
chrX	120075637	120172547	26	799	436	416	0|0	1
chrX	135147415	135225242	11	737	468	440	0|0	1
chrX	135623456	135670276	16	610	422	422	0|0	1
chrX	153121931	153292732	120	1303	869	850	0|0	1
chr9	102565089	102570284	1	56	43	37	0|0	0.999999999999999
chr3	41319548	41322987	0	44	22	30	0|0	0.99999999999995
chr5	116011018	116015368	0	42	22	22	0|0	0.999999999999804
chr6	168390177	168393080	1	47	23	21	0|0	0.999999999999619
chrX	76141674	76153292	1	46	27	17	0|0	0.999999999999244
chr4	40232818	40236154	0	40	16	10	0|0	0.999999999999219
chr6	89212355	89215355	0	38	15	18	0|0	0.99999999999697
chr6	12430507	12433398	0	38	11	10	0|0	0.999999999996969
chrX	48396037	48399308	0	36	19	18	0|0	0.999999999988081
chr3	43792730	43795576	4	59	25	31	0|0	0.999999999978151
chr12	71314623	71317616	0	35	23	15	0|0	0.999999999976361
chr19	16056196	16058829	0	33	13	15	0|0	0.999999999907023
chr6	128959877	128963502	0	32	19	16	0|0	0.999999999815604
chr2	221701999	221705483	0	31	19	17	0|0	0.999999999634298
chr6	168692356	168695795	0	30	15	22	0|0	0.999999999274726
chr6	94029849	94031734	0	29	16	14	0|0	0.999999998561608
chr5	170170693	170171747	0	31	6	10	0|0	0.999999997495187
chr13	37314464	37318514	1	33	13	16	0|0	0.999999994452675
chr10	98733702	98735970	0	26	13	24	0|0	0.999999988779752
chr1	92795193	92798124	1	31	12	12	0|0	0.999999978181052
chr17	14756063	14759055	0	25	24	24	0|0	0.999999977747564
chrX	135713409	135798324	40	263	180	181	0|0	0.999999960154612
chr17	34854675	34855873	0	24	14	22	0|0	0.999999955868098
chr2	128926439	128929348	0	24	19	20	0|0	0.999999955868098
chr20	10806629	10809752	2	35	25	18	0|0	0.999999915852689
chr14	47853926	47856952	0	23	13	11	0|0	0.999999912475885
chr7	129178544	129181125	0	23	13	11	0|0	0.999999912475885
chr2	124293287	124296257	1	27	28	20	0|0	0.999999662453187
chrX	5811083	5812751	0	46	18	6	0|0	0.999999488042934
chr14	40905661	40908696	0	20	14	11	0|0	0.999999317264335
chr1	239952717	239953380	0	20	6	8	0|0	0.99999931672044
chr2	16225238	16226719	1	25	13	27	0|0	0.999998672350459
chr4	106396004	106399253	1	25	17	14	0|0	0.999998672350459
chr4	133003137	133009292	2	30	15	13	0|0	0.999997418252139
chr18	13918346	13919778	0	17	11	16	0|0	0.999994674330102
chr3	104587454	104589764	0	15	12	11	0|0	0.999979053470527
chr21	26000477	26003856	5	42	26	25	0|0	0.999851946776213
chr1	80327754	80330649	0	20	2	3	0|0	0.999772981884149
chr1	43592391	43595367	5	41	25	26	0|0	0.999706453081278
chr8	137117242	137120366	4	35	6	13	0|0	0.99970060754146
chr2	143314030	143316861	0	10	15	13	0|0	0.99935805952797
chr14	65374516	65377987	2	21	23	15	0|0	0.998777297131274
chr12	127905269	127908444	0	9	8	10	0|0	0.998728344437544
chr12	65423608	65426407	1	14	12	12	0|0	0.997532545860689
chr3	191115781	191116229	0	8	5	6	0|0	0.997483740727725
chr7	151312948	151315017	7	49	20	15	0|0	0.995666168120898
chr9	105053366	105056276	4	30	20	25	0|0	0.990961416943275
chr16	69727516	69728993	2	18	9	11	0|0	0.990604925686974
chr1	175231430	175232801	4	28	7	10	0|0	0.966091084054893
chr2	97347743	97393945	1	170	138	141	0|0	1
chr2	183695517	183704401	0	64	43	34	0|0	1
chr7	149997228	150003016	5	79	20	43	0|0	0.999999999999998
chr4	162655666	162657866	0	22	5	10	0|0	0.999999698792449
chr13	85724587	85729811	0	20	6	12	0|0	0.999999308850693
chr10	13062531	13063736	3	31	19	10	0|0	0.999922342020047
chr1	187493689	187498091	0	13	4	8	0|0	0.999915685394413
chr8	102421280	102423366	0	12	10	10	0|0	0.999836648007476
